-33 -40 -31 -43 -29 -39 -30 -29 -34 -29 -41 -29 -42 -36 -28 -27 -33 -29 -41
-37 -36 -32 -34 -31 -36 -33 -36 -32 -39 -36 -36 -40 -37 -33 -35
-36 -37 -37 -35 -33 -38 -32 -38 -33 -31 -36 -32 -38 -33 -37 -36 -37 -34 -34
-39 -33 -36 -31 -35 -33 -35 -37 -39 -35 -39 -35 -38 -35 -39 -38
-36 -40 -41 -43 -41 -40 -46 -40 -48 -43 -42 -48 -43 -43 -37 -40 -46 -41 -40 -41
-43 -46 -43 -42 -47 -43 -45 -44 -49 -47 -47 -44 -45
-43 -45 -41 -46 -42 -42 -48 -48 -43 -48 -49 -46 -48 -47 -43 -48 -49 -44
-44 -48 -53 -45 -46 -55 -54 -59 -45 -53 -50 -51 -53 -59
-57 -47 -59 -51 -57 -55 -61 -55 -53 -59 -61 -56 -60 -54 -52 -51 -48 -56
-49 -47 -48 -61 -55 -56 -51 -55 -56 -56 -59 -54 -53 -50
-65 -64 -55 -60 -59 -54 -47 -57 -59 -54 -58 -64 -67 -63 -54 -60 -50
-49 -68 -68 -68 -54 -63 -66 -60 -63 -62 -60 -52 -61 -66 -53
-55 -60 -57 -61 -57 -52 -51 -51 -53 -51 -55 -52 -60 -51
-47 -62 -54 -63 -68 -62 -62 -54 -66 -65 -58 -57
-60 -61 -66 -64 -70 -60 -59 -65 -63 -63 -63 -72
-50 -58 -59 -59 -63 -67 -58 -64 -58 -61 -62 -67 -56 -61 -52 -58 -61 -65
-52 -61 -60 -62 -65 -60 -68 -59 -65 -61 -61 -62 -63 -66
-48 -63 -51 -54 -68 -58 -61 -64 -60
-51 -59 -60 -57 -54 -54 -59 -69 -54 -60 -56 -73 -61 -67 -60 -71 -60
-63 -64 -54 -54 -56 -71 -57 -70 -59 -54 -51 -58 -54 -61 -56 -57 -52 -60
-59 -57 -69 -64 -52 -52 -52 -51 -49 -56 -52 -53 -50 -49 -63 -48 -52 -57 -52 -49 -56
-67 -62 -50 -62 -63 -59 -72 -58 -65 -58 -69 -67 -57 -61 -53
-55 -64 -59 -78 -63 -61 -68 -69 -68 -71 -69 -69 -69 -72 -66 -64 -59
-59 -64 -69 -63 -54 -73 -66 -59 -56 -66 -66 -55
-63 -69 -67 -87 -66 -63 -61 -62 -60 -57 -64 -63 -60
-61 -56 -67 -62 -60 -61 -64 -53 -57 -56 -62 -63 -57 -62 -55 -54
-57 -57 -62 -56 -60 -56 -56 -65 -64 -56 -62 -59 -58 -57 -57
-69 -66 -72 -65 -71 -68 -60 -60 -61 -63 -64 -60 -72 -63
-62 -63 -60 -64 -62 -62 -57 -56 -59 -59 -64 -62 -64 -64 -60 -61
-73 -66 -65 -64 -64 -64 -56 -60 -59 -66 -62 -57 -61 -62
-63 -65 -63 -64 -61 -65 -65 -60 -60 -64 -62 -63 -61 -64 -59 -71
-71 -58 -64 -59 -65 -63 -64 -60 -62 -66 -64 -64 -56 -65 -68 -63 -62 -62
-62 -68 -63 -67 -63 -63 -62 -67 -64 -68 -61 -71 -63 -74 -60 -61 -70
-70 -63 -62 -62 -65 -73 -67 -66 -70 -68 -68 -68 -66 -62
-63 -58 -67 -61 -61 -60 -65 -68 -57
-67 -66 -59 -57 -65 -63 -58 -55 -55 -64 -61 -55
-65 -69 -58 -71 -66 -66 -64 -67 -61 -63 -70 -59 -59 -54 -55 -67
-75 -68 -63 -72 -67 -59 -64 -65 -59 -65 -59 -63
-61 -63 -55 -63 -59 -61 -57 -63 -56 -60 -59 -58 -56 -65 -60 -63 -58 -63
-56 -62 -58 -63 -60 -57 -61 -62 -59 -62 -58 -59 -62 -59 -64 -62 -64 -62 -62 -58
-57 -62 -62 -60 -56 -60 -55 -60 -63 -63 -68 -66 -60 -58 -60 -59 -56
-64 -59 -62 -58 -63 -56 -63 -62 -59 -55 -55 -56 -63 -62 -63 -65
-53 -61 -53 -63 -63 -61 -65 -56 -53 -63 -53 -59 -61 -63 -59 -59 -53 -60 -60
-67 -61 -59 -64 -61 -63 -64 -60 -63 -60 -61 -68 -61 -73
-59 -56 -63 -53 -64 -56 -63 -56 -63 -54 -62 -53 -62 -61 -56 -55 -62 -54 -62 -53
-58 -75 -55 -66 -53 -65 -52 -67 -59 -70 -60 -64
-56 -56 -62 -54 -53 -64 -58 -59 -65 -56 -58 -63 -59 -62 -61 -58 -61 -58 -57
-66 -54 -62 -59 -57 -60 -56 -61 -58 -63 -55 -56 -63 -55
-68 -53 -59 -55 -63 -55 -66 -55 -64 -52 -53 -52 -63 -57 -57 -55 -56
-62 -50 -56 -50 -52 -63 -65 -63 -66 -56 -51 -60 -51 -57 -54 -59
-62 -59 -60 -55 -61 -50 -64 -60 -54 -56 -50 -60 -63 -59 -54 -54 -56 -64
-63 -63 -54 -54 -65 -53 -53 -58 -56 -63 -54 -62 -56 -51 -59 -51 -59 -53
-53 -65 -53 -60 -55 -57 -55 -65 -55 -59 -63 -59 -57 -62
-59 -63 -60 -62 -66 -64 -65 -67 -63 -65 -66 -64 -67 -64 -64
-63 -59 -63 -57 -63 -57 -64 -55 -56 -64 -65 -57 -64 -59 -64 -59 -63 -59
-55 -60 -58 -60 -59 -62 -59 -59 -60 -65 -60 -64 -58 -60 -63 -54
-65 -56 -66 -55 -67 -64 -55 -56 -64
-54 -55 -55 -56 -67 -61 -61 -55 -57 -56 -59 -68 -61 -55 -59 -54
-61 -59 -61 -59 -61 -55 -59 -55 -59 -61 -60 -62 -61 -55 -59 -62
-61 -67 -60 -66 -55 -62 -63 -62 -63 -60 -60 -66 -60
-63 -63 -63 -66 -65 -57 -62 -57 -63 -62 -63 -58 -60 -63 -61 -63
-62 -53 -61 -56 -63 -56 -59 -64 -61 -56 -65 -63 -56 -64 -63 -59 -63 -56 -62 -61 -61
-68 -69 -68 -75 -72 -61 -61 -64 -60 -69 -66 -61 -67
-65 -65 -56 -66 -64 -63 -65 -61 -66 -60
-66 -61 -58 -64 -65 -60 -62 -59 -66 -63 -64
-62 -56 -62 -67 -55 -65 -58 -55 -55 -64 -58 -59 -61 -59 -55 -74 -56
-58 -65 -56 -64 -57 -62 -59 -59 -57 -55 -54 -58 -52 -49 -59 -52 -58 -55
-66 -65 -65 -65 -64 -68 -64 -66 -63 -65 -65 -67 -64 -63 -65
-60 -64 -60 -60 -65 -67 -67 -60 -65 -60 -64 -60 -66
-62 -62 -63 -67 -63 -66 -68 -64 -67 -69 -62 -64 -63 -66 -69
-62 -64 -61 -68 -63 -68 -57 -63 -63 -64 -63 -64 -63 -73 -63 -71 -63
-69 -70 -70 -74 -81 -66 -73 -66 -67 -68
-62 -59 -62 -63 -62 -58 -63 -60 -62 -59 -63 -59 -63 -62 -69 -63 -66
-60 -60 -61 -71 -63 -61 -62 -59
-62 -62 -60 -67 -61 -66 -64 -62 -61 -64 -59 -62 -65 -63 -64 -65 -71
-66 -65 -66 -67 -68 -67 -69 -66 -68 -67 -66
-71 -68 -66 -66 -78 -65 -74 -62 -71 -64 -69 -70
-66 -65 -67 -65 -65 -64 -63 -64 -66 -64
-63 -60 -64 -64 -61 -60 -60 -63 -61 -65 -62 -63 -64 -62 -61 -62 -64 -62 -64
-65 -70 -61 -64 -65 -69 -68 -70 -72 -67 -66 -63 -65 -68
-65 -75 -72 -72 -71 -66 -64 -71 -72 -67
-69 -69 -64 -70 -64 -63 -71 -61 -71 -68 -63 -73 -70 -66 -72 -68
-63 -66 -68 -71 -64 -68 -63 -68 -65 -65
-56 -60 -60 -68 -63 -67 -63 -58 -63 -57 -65 -60 -64 -60 -57 -64 -58 -64 -57 -62
-62 -67 -60 -68 -60 -60 -68 -59 -69 -60 -58 -60 -57 -66 -57 -59 -60
-65 -58 -62 -58 -64 -60 -64 -63 -65 -64 -58 -59 -64 -64 -59 -57 -58 -58
-66 -64 -60 -61 -67 -61 -65 -62 -62 -63 -60 -64 -60 -64 -63 -63 -62
-69 -61 -68 -72 -69 -78 -67 -67 -63 -66 -67 -65 -60 -58
-66 -62 -68 -67 -62 -67 -63 -68 -68 -66 -65 -69 -69
-63 -65 -67 -65 -67 -65 -65 -67 -65 -68 -63 -64 -67 -64
-63 -67 -69 -73 -71 -63 -69 -64 -63 -64 -66 -66 -62 -65 -66 -63
-61 -63 -65 -65 -60 -64 -59 -67 -59 -60 -63 -62
-64 -77 -67 -80 -78 -64 -66 -67 -66 -70 -68
-63 -60 -63 -60 -64 -60 -65 -61 -66 -63 -68 -62 -71 -66 -66 -71
-61 -76 -59 -68 -62 -74 -65 -66 -72 -63 -65 -63
-72 -68 -66 -64 -64 -64 -68 -62 -60 -62 -61 -64 -59 -64 -59 -63
-62 -62 -64 -62 -58 -58 -57 -62 -56 -61 -58 -66 -59 -64 -61 -64 -63 -63 -59 -65
-63 -67 -64 -64 -63 -63 -64 -64 -64 -64 -65 -64 -64 -62
-67 -68 -70 -68 -69 -69 -68 -73 -71 -73
-67 -66 -69 -64 -67 -59 -68 -60 -60 -63 -61 -63 -67 -62 -64
-55 -63 -63 -63 -64 -62 -63 -63 -64 -64 -66 -64
-60 -63 -60 -63 -65 -63 -65 -61 -62 -65 -62 -61 -67 -62 -67
-69 -63 -62 -68 -62 -70 -65 -76 -71 -65 -74
-78 -67 -65 -61 -72 -63 -63 -70 -61 -70 -63
-60 -59 -59 -68 -68 -60 -68 -59 -59 -61 -60 -68 -60
-62 -61 -68 -58 -68 -62 -61 -60 -67 -60 -61 -66 -60 -61 -66 -61 -66
-67 -61 -62 -67 -59 -65 -67 -64 -63 -60 -60 -62 -60
-64 -59 -63 -59 -67 -59 -59 -62 -59 -60 -68 -63 -60 -60 -66 -70
-66 -61 -63 -58 -59 -59 -68 -61 -70 -62 -59 -63 -61 -64 -64
-63 -57 -61 -63 -61 -59 -61 -56 -66 -64 -62 -66 -63 -67 -60
-60 -66 -63 -61 -61 -69 -61 -61 -62 -62
-67 -65 -67 -64 -69 -66 -68 -75 -68
-68 -75 -68 -67 -68 -70
-71 -71 -69 -67 -70 -68 -70 -69 -74 -73
-65 -73 -68 -71 -72 -65
-62 -59 -63 -69 -66 -68 -63
-70 -59 -67 -67 -59 -68 -68 -67 -67 -61 -68 -63 -68 -69
-59 -66 -67 -62 -71 -63 -72 -67 -63 -64 -64 -65 -59 -63 -59
-67 -65 -70 -63 -62 -67 -59 -69 -59 -62 -59 -68 -64 -63
-63 -60 -66 -60 -67 -60 -65 -61 -61 -61 -60 -59 -59 -62
-64 -60 -67 -59 -67 -62 -58 -62 -62 -66 -61 -61 -58 -69 -63
-59 -60 -56 -62 -68 -62 -66 -61 -66 -69 -59 -60 -66 -60 -67
-67 -60 -63 -60 -69 -65 -76 -64 -65 -74 -67 -63 -69 -62 -72 -59 -70
-56 -67 -62 -58 -60 -62 -68 -62 -68 -58 -62 -57 -61 -57 -69 -57
-62 -61 -62 -61 -60 -56 -65 -61 -65 -65 -65 -59 -65 -58 -64 -62 -58 -62
-59 -70 -64 -66 -65 -64 -76 -67 -67 -66 -69
-73 -74 -80
-77 -68 -69 -68 -67 -67 -66
-72 -75 -69 -69 -69 -71 -77
-72 -73 -70 -76 -71
-73 -71 -72 -66 -67 -67 -64 -70 -74 -67 -71
-70 -75 -74 -71 -73 -78
-69 -66 -70 -73 -73 -73 -75 -71 -76 -70 -72
-68 -70 -76 -73 -80 -83 -80
-67 -81 -67 -69 -69 -79 -80 -75
-72 -68 -75 -68 -68 -70 -76 -69 -82 -70
-70 -69 -65 -74 -77 -72 -69 -71 -71 -71 -70 -71
-68 -69 -71 -69 -70 -72 -69 -68 -72 -72 -70 -71
-78 -80 -77 -73 -78 -68 -74 -71 -80 -71
-67 -67 -69 -72 -67 -70 -70 -69 -70 -70 -71 -70 -69 -71 -69
-69 -68 -69 -69 -68 -67 -72 -66 -64 -64 -65 -64 -66 -63
-66 -67 -69 -63 -63 -67 -65 -67 -64 -69 -66 -66 -65 -63 -64
-63 -67 -66 -63 -65 -63 -65 -65 -63 -63 -66 -66 -63 -66 -63 -63 -63 -67
-62 -64 -66 -63 -65 -68 -71 -67 -69 -67 -68
-65 -72 -64 -70 -63 -68 -63 -68 -67 -77 -66
-69 -69 -70 -70 -69 -67 -68 -69 -71 -69 -68 -66 -68 -66 -70
-67 -66 -63 -63 -63 -68 -64 -65 -64 -70 -65 -74 -65 -71 -66 -70 -72
-62 -66 -61 -59 -63 -62 -61 -69 -66 -62 -65 -63 -63 -67 -68 -67
-66 -72 -70 -69 -70 -72 -69 -80 -73 -73 -69 -72 -69
