69 72 90 70 81 68 81 68 64 67 87 67 84 86 68 68 88 68 68 68 67 68 68 68 84 68 68 88 68 88 69 68 68 69 68 68 88 68 69 88 69 69 69 69 80 95 78 97 78 75 77 96 77 66 95 64 77 80 80 80 80 80 80 80 79 82 81 80 79 69 79 97 98 77
73 74 73 73 91 91 92 72 73 73 72 72 72 72 93 74 83 73 92 82 91 93 72 72 91 74 74 94 73 77 73 73 92 94 73 73 95 95 76 72 75 73 94 93 92 92 73 73 75 74 91 73 74 73 69 72 72 73 73 72 71 71 71 71 71 72 91 90 94 74 73 84 73 73 73 72 92 68
83 83 84 82 83 80 78 86 77 79 79 83 92 84 82 82 82 89 82 84 82 82 82 80 81 81 80 78 79 85 81 76 78 75 79 77 95 75 79 79 81 93 88 85 83 80 97
95 73 74 73 93 92 84 93 94 73 75 78 95 76 95 95 98 76 79 78 74 77 78 98 77 76 95 76 77 71 81 96 80 82 86 86 85 83 82 82 84 84 81 83 86 87 77 90 88 89 88 75 75 93 91 90 82 89 85 73
96 76 75 76 74 74 93 74 75 75 74 75 73 74 76 89 81 86 85 88 87 81 82 89 82 84 89 86 84 81 83 92 80 78 78 81 78 81 78 81 80 83
82 91 93 72 72 73 73 76 91 87 96 76 76 77 76 76 76 74 96 97 98 98 90 76 95 76 76 75 76 84 75 95 76 87 81 83
88 91 92 94 87 95 96 74 74 75 74 75 77 89 89 94 94 78 77 90 78 94 94 76 76 77 77 77 96 77 76 79 78 77 78 77 96 96 78 78 87 79 78 80 78 79 78 97 80 79 76 76 77 77 78 97 78 78 81
81 81 80 80 93 87 85 89 87 83 84 85 82 82 83 82 82 79 81 83 84 82 79 81 83 80 79 80 81 82 80 82 81 81 82 80 81 80 80 79 79 81 80 79 80 81 80 83 97 79 96 76 76 73 76 77 76
78 84 81 81 82 80 82 80 77 82 81 81 82 78 78 81 78 80 79 82 82 82 84 83 82 81 84 87 84 83 84 84 81 76 81 82 79 80 80 81 80 80 83 80 81 81 98 81 83 90 91 91 95
80 79 78 78 85 90 89 93 82 81 84 85 84 83 87 84 84 90 84 84 83 84 82 82 85 81 87 82 81 81 78 84 80 90 85 90 89 89 89 89 89 88 87
