1 2.2487660481287564
2 2.7462640808139884
3 4.095796199536659
4 5.001915603662628
5 8.243875268694705
6 12.294969457185656
7 12.294969457185656
8 8.243875268694705
9 20.263875416696468
10 12.294969457185656
11 9.110252681434785
12 16.592983667860327
13 8.243875268694705
14 16.592983667860327
15 15.015004794772121
16 11.125728141877019
17 15.015004794772121
18 12.294969457185656
19 18.33679780759991
20 33.39777689837286
25 33.39777689837286
30 24.746884292952807
35 24.746884292952807
40 33.39777689837286
45 45.07280547115683
50 74.28645658120932
