67 67 56 67 67 57 54 65 64 54 64 63 63 63 65 63 68 63 63 64 53 63 66 63 63 53 63 59 61 69 69 69 61 69 61 70 61 69 69 61 69 69 69 71 61
72 72 71 71 71 71 71 66 71 67 62 57 58 59 69 58 67 67 57 67 66 70 67 67 68 67 66 70 67 69 61 70 69 83 60 75 60 69
72 71 72 72 73 61 62 63 73 76 73 73 74 62 62 62 62 61 62 61 62 60 59 65 59 60 60 60 62 59 59 59 59 59 59 59 71 76 77 76 67 77 68
77 76 75 76 85 65 76 76 67 86 67 66 67 66 73 73 74 73 73 64 72 63 72 65 62 72 62 73 71 72 73 72 62 62 71 62 73 62 74 91 83
77 75 68 64 74 74 74 76 77 74 64 76 76 67 76 67 67 67 62 72 72 63 62 73 72 63 73 74 73 74 77 73 74 63 62 72 64 81 67 85 66
78 68 76 66 66 66 76 68 85 75 76 76 66 86 78 87 66 76 66 66 66 73 72 65 79 72 62 62 72 62 62 76 72 73 72 72 72 71 71 72 70 72 60 60 72 71 70
90 79 69 71 80 81 85 79 71 72 69 82 81 85 71 80 83 69 70 80 74 69 70 77 87 67 79 79 70 80 78 68 91 69 87 77 78 69 77 78 67 68 77 67 78 77 77 77 68 68 76 77 78 86 78 77 68 78 79 78 78 78
85 80 84 81 81 81 81 73 82 72 80 82 82 81 81 92 84 82 82 83 80 91 71 71 73 85 83 82 81 83 74 100
80 74 75 73 79 81 69 81 70 79 80 80 80 82 80 83 79 80 79 70 71 82 80 89 81 79 70 89 90 79 69 79 69 69 79 80 80 80 83 81 81 81 82
69 70 69 68 82 69 69 69 68 68 81 88 79 68 70 68 79 72 69 68 70 73 64 74 74 65 74 76 67 65 65 77 65 75 77 76 75 68 66 75 76 75 75 75 74 77 65 76 74 76 84 75 64 74 75 75 84 79 74 74 85 83
