-29 -28 -23 -22 -24 -21 -30 -21 -23 -21 -30 -22 -25 -22 -24 -21
-29 -28 -27 -28 -29 -29 -34 -28 -34 -28 -37 -30 -37 -30 -34 -31 -30
-27 -33 -34 -28 -27 -35 -37 -27 -28 -35 -26 -28 -36 -28 -26 -28
-34 -36 -32 -35 -33 -37 -35 -35 -34 -34 -32 -36 -31 -36 -33 -36 -37 -35 -31
-37 -45 -38 -42 -40 -40 -43 -44 -40 -42 -41 -40 -40 -40 -42
-40 -37 -38 -41 -37 -42 -44 -40 -39 -37 -39 -46 -38 -46 -39 -38 -51
-42 -37 -42 -36 -39 -37 -43 -40 -43 -38 -38 -38 -43 -37 -43
-39 -33 -33 -33 -33 -32 -40 -42 -33 -32 -32 -31 -43 -31 -42 -31 -32
-39 -46 -37 -45 -39 -37 -51 -38 -45 -36 -36 -38 -37 -48 -37 -37 -38
-38 -32 -39 -33 -43 -33 -39 -34 -40 -33 -32 -30 -34 -39 -34 -37 -33 -33 -33
-34 -36 -38 -47 -47 -38 -39 -46 -45 -38 -38 -36 -39 -36 -46 -36
-38 -33 -39 -34 -33 -33 -35 -37 -39 -35 -34 -34 -35 -35 -39 -35 -39
-36 -36 -36 -34 -36 -43 -36 -40 -36 -36 -35 -41 -35 -41 -33
-34 -37 -35 -39 -40 -37 -37 -41 -36 -41 -36 -38 -40 -38 -40 -38 -39 -40 -38 -39
-41 -46 -41 -47 -42 -41 -46 -41 -48 -42 -41 -39 -41 -36 -45 -49 -44 -42 -44 -46
-44 -42 -50 -47 -54 -47 -48 -44 -43 -48 -42 -50 -42 -50 -45 -47 -48 -50 -48 -43
-50 -41 -48 -40 -51 -46 -40 -40 -47 -40 -40 -42 -42 -46 -40 -50 -40
-49 -40 -48 -42 -49 -40 -41 -41 -38 -40 -38 -50 -39 -51 -51 -39 -38 -40 -40 -40
-41 -41 -48 -49 -49 -42 -41 -44 -42 -40 -46 -46 -47 -43 -47 -46 -47 -51 -43
-49 -43 -50 -49 -45 -42 -42 -49 -50 -43 -46 -43 -46 -43 -49 -46 -49
-40 -46 -42 -43 -41 -47 -56 -44 -53 -41 -41 -54 -43 -53 -42 -41
-42 -41 -42 -50 -42 -41 -49 -40 -43 -48 -42 -40 -48 -41 -48 -41
-42 -46 -43 -40 -41 -42 -47 -43 -47 -49 -40 -43 -41 -50 -54 -43 -51
-43 -49 -43 -52 -45 -50 -42 -51 -45 -51 -44 -44 -46 -44 -50 -45 -51 -44
-53 -49 -52 -49 -51 -48 -54 -49 -53 -48 -46 -53 -51 -50 -52 -48 -57 -51
-52 -49 -47 -52 -46 -51 -53 -46 -48 -48 -43 -51 -47 -46 -53
-48 -48 -44 -53 -43 -53 -47 -48 -48 -48 -55 -48 -55 -48 -48 -55 -49 -49
-46 -44 -44 -44 -55 -45 -47 -45 -47 -45 -47 -54 -48 -52 -54 -47 -53 -53
-47 -51 -45 -46 -51 -46 -51 -47 -52 -47 -52 -51 -49 -45 -51 -50
-48 -53 -51 -53 -55 -47 -52 -47 -50 -46 -48 -49 -53 -45 -55 -45 -49 -54 -45
-48 -49 -49 -49 -48 -54 -51 -54 -52 -53 -49 -53 -49 -46 -53 -47 -53 -49
-46 -44 -54 -48 -45 -55 -47 -46 -48 -46 -51 -50 -54 -55 -51 -50 -46 -51 -49 -52 -50
-48 -53 -51 -48 -53 -48 -47 -54 -50 -49 -49 -49 -49 -49 -50 -51 -53
-52 -55 -52 -58 -57 -52 -61 -53 -47 -63 -49 -53 -58 -55 -56 -50 -52
-55 -54 -51 -54 -48 -48 -50 -48 -57 -56 -52 -46 -49 -48 -55 -52 -56 -56 -50 -50
-49 -57 -50 -56 -57 -48 -56 -48 -56 -49 -49 -48 -50 -48 -58 -47 -58 -51 -58 -51
-48 -53 -47 -49 -52 -48 -52 -53 -49 -54 -52 -55 -59 -56 -54
-49 -52 -52 -50 -57 -51 -57 -53 -55 -51 -59 -51 -61 -52 -50 -52 -50 -51 -50 -56
-54 -57 -50 -51 -54 -54 -51 -50 -51 -51 -56 -58 -59 -63
-52 -50 -58 -53 -56 -50 -51 -48 -62 -49 -61 -52 -56 -51 -58 -57
-51 -56 -48 -51 -56 -52 -55 -54 -51 -59 -49 -61 -50 -51 -50 -59 -51 -57
-52 -48 -56 -51 -57 -52 -60 -52 -57 -53 -51 -57 -50 -59 -53 -48 -51 -48
-59 -52 -55 -59 -51 -58 -51 -53 -53 -58 -52 -51 -52 -59 -52
-54 -57 -56 -55 -57 -56 -56 -56 -56 -55 -52 -54 -55 -56 -56 -55 -54
-55 -60 -59 -63 -58 -54 -60 -56 -59 -55 -56 -60 -56 -59 -58 -59 -56 -53 -55 -57
-52 -55 -53 -57 -55 -57 -59 -56 -53 -59 -54 -59 -57 -57 -55 -57 -54 -54 -55 -54
-55 -59 -58 -56 -57 -56 -58 -56 -59 -55 -58 -56 -57 -55 -63 -59 -56
-75 -66 -56 -56 -63 -58 -60 -61 -60 -60 -63 -68 -66 -59 -59
-59 -62 -64 -61 -58 -62 -57 -62 -63 -57 -56 -64 -61 -61 -65 -59 -59 -58
-70 -50 -55 -50 -68 -50 -66 -67 -54 -59 -55 -57 -67 -56 -64 -55 -64 -53 -64
-70 -54 -70 -54 -52 -71 -55 -66 -54 -68 -64 -54 -54 -72 -74 -54 -53 -53
-58 -59 -58 -56 -66 -54 -61 -61 -57 -55 -53 -59 -53 -62 -59 -66
-53 -65 -55 -55 -53 -55 -61 -54 -62 -53 -53 -52 -54 -55 -60 -54 -53
-61 -54 -52 -55 -60 -55 -62 -55 -58 -61 -54 -63 -60 -60 -60
-62 -54 -60 -62 -52 -55 -55 -57 -55 -59 -55 -54 -67 -55 -66
-64 -62 -55 -64 -58 -58 -63 -58 -60 -71 -58 -62 -59 -64 -61
-56 -55 -56 -65 -56 -64 -63 -66 -64 -62 -61 -58 -59 -66
-61 -57 -57 -62 -55 -62 -58 -54 -62 -56 -60 -59 -61 -63 -56
-63 -61 -60 -59 -59 -60 -62 -62 -61 -60 -62 -56 -62 -59 -63 -66 -63
-60 -64 -62 -57 -52 -67 -60 -63 -59 -75
-61 -53 -62 -55 -65 -54 -62 -55 -55 -56 -53 -53 -55 -67 -59 -58 -66
-55 -56 -57 -53 -55 -64 -55 -54 -56 -56 -64 -56 -64 -57 -59 -64 -57 -67 -56
-54 -60 -58 -55 -54 -62 -53 -53 -56 -52 -55 -51 -63 -54 -52 -54
-59 -57 -63 -59 -63 -64 -59 -62 -58 -62 -61 -58 -60 -60
-54 -64 -59 -70 -63 -60 -53 -56 -56 -58 -60 -57 -60
-67 -59 -67 -59 -63 -63 -65 -69 -63 -65 -64 -66 -63 -64 -62
-56 -62 -55 -65 -59 -55 -65 -65 -61 -65 -60 -57 -59 -57 -60 -63 -59 -62
-63 -68 -64 -68 -64 -63 -72 -61 -64 -59 -59
-54 -59 -55 -57 -69 -59 -56 -67 -58 -65 -59 -54 -61
-56 -63 -53 -63 -56 -62 -56 -56 -69 -60 -68 -62 -59 -68 -60 -68 -68
-56 -56 -61 -56 -63 -61 -55 -61 -55 -58 -56 -61 -56 -57 -55 -57 -56 -59 -56 -62
-57 -60 -57 -59 -68 -64 -65 -59 -59 -61 -61 -59 -63 -60 -67 -59 -57 -59
-61 -63 -66 -68 -65 -66 -64 -59 -63 -68 -66 -62 -59 -62 -62 -65
-54 -56 -56 -52 -60 -55 -65 -61 -65 -60 -55 -66 -64 -61 -56 -61
-55 -63 -57 -69 -61 -63 -59 -66 -55 -54 -57 -54 -65 -58 -55 -68 -55
-56 -63 -56 -62 -56 -56 -62 -56 -54 -62 -55 -62 -62 -58 -58 -61 -58
-63 -56 -64 -57 -65 -58 -63 -58 -63 -58 -68 -58 -57
-57 -55 -55 -66 -57 -55 -59 -57 -56 -57 -59 -57 -66 -56 -68
-60 -67 -59 -64 -57 -60 -61 -60 -61 -62 -62 -60 -61 -61 -61 -69 -62
-58 -57 -63 -64 -58 -58 -58 -65 -57 -64 -58 -56
-54 -61 -54 -56 -55 -55 -54 -55 -54 -63 -54 -54 -54 -59 -54 -61 -54 -54
-54 -54 -54 -56 -55 -54 -54 -53 -55 -53 -56 -53 -54 -55 -55 -54
-54 -54 -59 -54 -53 -56 -54 -55 -59 -53 -59 -53 -58 -52 -60 -53
-59 -60 -58 -58 -63 -60 -62 -57 -58 -62 -63 -62 -63 -61 -62 -61 -62 -61
-62 -56 -63 -56 -60 -61 -63 -59 -57 -58 -62 -63 -59 -60 -62 -57 -56
-68 -73 -73 -70 -74 -72 -74 -73 -69 -72 -69 -72 -73 -74 -74 -73
-70 -74 -79 -77 -75 -71
-79 -77 -80 -78 -68 -78 -78 -77 -78 -69
-74 -77 -75 -75 -71 -76 -73 -76 -73 -77 -72 -68 -75 -72
-68 -67 -77 -76 -76 -67 -76 -72 -74 -68
-82 -77 -79 -66 -67 -65 -78 -73 -74 -73
-68 -69 -68 -74 -82 -76 -75 -66 -71 -71 -72 -71
-82 -76 -68 -68 -74 -73 -77 -75 -74 -74 -68
-75 -81 -79 -75 -67 -69 -68
-72 -73 -72 -72 -73 -70 -76 -70 -71 -70 -73 -71 -75 -75 -72 -74
-78 -73 -76 -74 -71 -72 -77 -75 -73
-74 -71 -70 -71 -70 -73 -71 -75 -71 -71 -69 -71 -70 -70 -68
-72 -70 -75 -64 -75 -70 -72 -63 -68 -63 -75 -69 -73 -72 -68
-68 -69 -74 -74 -78 -72 -72 -73 -67 -67
-77 -81 -75 -76 -74
-79 -72 -73
-70 -69 -69 -76 -74 -70 -72 -74 -76 -74 -70 -72 -78
-65 -65 -66 -72 -66 -76 -65 -77 -67 -66
-80 -75 -79 -77 -65 -66 -79 -73 -74 -67 -73 -81 -70 -72 -74
-74 -77 -69 -67 -67
-75 -69 -69 -80 -70 -69 -69 -80 -70 -77 -68 -80 -72 -82
-71 -75 -74 -76 -75 -71 -72 -71 -71 -71 -71 -73 -73
-72 -67 -80 -69 -71 -73 -69 -81 -71 -82
-73 -72 -79 -82 -71 -79 -80
-68 -84 -71 -76 -81 -75
-68 -78 -70 -78 -67 -70 -71 -77 -66 -75
-67 -65 -64 -68 -72 -74
-67 -72 -69 -68 -69 -73 -77 -68 -73 -71
-72 -68 -74 -71 -71 -72 -67 -72 -69 -71 -71
-66 -68 -66 -67 -75 -70 -67
-68 -67 -76 -67 -68 -72 -72 -74 -68
-72 -68 -64 -67 -77 -67 -70 -66 -67 -74 -69 -74 -69
-71 -73 -69 -71 -70 -70 -72 -77 -71 -69 -68 -71 -71 -69 -69
-77 -77 -67 -71 -69 -67 -68 -69 -68 -71 -67 -67
-74 -76 -78 -76 -67 -72 -66 -70 -67 -68 -68
-80 -68 -71 -78 -69 -71 -72
-75 -77 -70 -69
-68 -76 -68 -68 -69 -70 -68 -70 -68 -68 -68 -68 -66 -71 -69
-66 -66 -67 -76 -73 -68 -67 -76
-68 -63 -65 -71 -66 -67 -70 -67 -67 -68 -70 -68
-66 -69 -68 -73 -74 -67
-67 -64 -67 -64 -65 -64 -67 -64 -67 -63 -65 -65 -67 -67
-67 -66 -65 -65 -65 -67 -66 -64 -64 -69 -67 -67 -65 -66 -65 -65 -66
-74 -67 -68 -67 -73 -75 -72 -72 -74 -73 -66
-66 -69 -77 -66 -68 -66 -71 -68
-71 -69 -64 -67 -61 -65 -64 -66 -62 -63 -64 -65 -62 -71
-62 -66 -67 -62 -67 -63 -63 -68 -65 -68 -66 -64 -69 -65 -67 -66
-65 -65 -64 -67 -65 -67 -65 -65 -67 -65 -64 -66 -65 -66 -65 -67 -70
-66 -69 -73 -68 -64 -68 -71 -65 -64 -66 -66 -64 -67 -63 -67 -64 -67 -64
-66 -65 -65 -63 -70 -66 -68 -66 -67 -74 -65
-66 -70 -65 -68 -66 -71 -66 -67 -68 -69 -66
-66 -64 -69 -69
-70 -69 -73 -70 -69 -69 -73 -70
-73 -65 -66 -74 -72 -68 -66 -69
-66 -67 -67 -73
-68 -69 -69 -72 -74
-67 -70 -75 -78 -68 -81 -68 -66 -67
-65 -77 -69 -69 -64 -79 -64 -68 -73 -66
-67 -72 -76 -64 -76
-69 -68 -67 -67 -71 -70 -71 -68 -70 -74 -67
-73 -71 -72 -67 -75 -69 -70 -67 -75 -67
-69 -75 -71 -67 -75 -64 -66 -72 -65 -65 -64
-68 -70 -71 -68 -71 -75 -66 -72 -72 -69
-75 -69 -74 -69 -68 -73 -69 -76 -69 -68 -75
-74 -66 -72 -66 -67 -72 -69 -73 -69 -72 -72 -68
