-23 -24 -30 -24 -25 -29 -27 -29 -26 -27 -25 -27 -26 -25 -25 -25 -25 -25
-28 -30 -30 -28 -27 -27 -28 -28 -32 -27 -26 -26 -27 -26 -26 -26 -26
-35 -36 -32 -38 -31 -31 -31 -30 -32 -31 -32 -30 -31 -31 -31 -30 -31 -30 -31 -30 -30
-32 -34 -33 -33 -33 -33 -34 -34 -33 -34 -33 -33 -34 -34 -37 -35 -34 -34 -35
-41 -37 -40 -37 -40 -40 -39 -38 -41 -39 -37 -37 -37 -37 -40 -40
-42 -42 -40 -40 -39 -39 -40 -40 -41 -39 -44 -47 -47 -46 -45 -47 -45 -46 -45
-39 -42 -41 -47 -39 -45 -40 -45 -41 -47 -43 -41 -40 -44 -40 -46 -40 -43 -45 -41 -40 -40 -40
-35 -37 -39 -36 -37 -37 -37 -37 -40 -38 -37 -38 -39 -36 -41 -39 -41 -39 -39
-55 -37 -48 -36 -49 -63 -55 -38 -54 -37 -38 -55 -54 -55 -51 -38 -45
-47 -45 -41 -45 -39 -39 -42 -37 -43 -41 -43 -38 -44 -44 -42
-36 -49 -38 -43 -38 -51 -37 -36 -44 -36 -43 -37 -43 -37 -39 -36 -41 -35
-43 -38 -49 -37 -50 -49 -46 -41 -39 -48 -50 -48 -45 -47 -47 -43
-37 -41 -36 -37 -37 -39 -38 -41 -36 -40 -37 -38 -37 -38 -37 -38 -41 -39 -36 -39
-46 -44 -49 -48 -42 -42 -47 -44 -50 -43 -43 -44 -45 -45 -50 -45 -49 -45 -46
-51 -45 -40 -43 -47 -43 -46 -45 -42 -48 -43 -50 -47 -43 -40 -43
-43 -42 -43 -42 -42 -42 -42 -43 -41 -42 -40 -40 -39 -42 -40 -42 -43
-44 -42 -42 -43 -43 -47 -45 -50 -48 -47 -45 -46 -47 -45 -43 -43 -44 -44
-42 -41 -43 -39 -41 -42 -43 -42 -43 -42 -42 -40 -42 -43 -42 -43
-47 -47 -47 -52 -45 -54 -51 -46 -43 -46 -44 -46 -43 -46 -46 -44 -46
-45 -49 -43 -43 -52 -55 -45 -61 -46 -45 -56 -47 -61 -61 -61 -47 -61 -47 -60 -61

