-19 -27 -26 -26 -32 -29 -26 -42 -30 -28 -29 -27 -29 -34 -29 -28 -30
-23 -26 -21 -26 -24 -23 -22 -30 -24 -22 -25 -22 -29
-23 -28 -23 -27 -28 -22 -25 -27 -25 -26 -22 -24 -25 -22 -27 -22
-30 -40 -29 -38 -35 -32 -37 -38 -34 -38 -38 -40 -40 -40 -36 -39 -40
-26 -25 -28 -28 -27 -29 -26 -25 -29 -26 -29 -26 -26 -28 -29 -28
-34 -33 -34 -33 -34 -35 -34 -34 -35 -33 -34 -35 -35 -35 -33
-64 -51 -56 -47 -44 -49 -45 -50 -46 -46 -47 -44 -47 -49 -50 -50
-40 -63 -39 -37 -45 -39 -45 -38 -38 -37 -38 -36 -37 -48 -40 -38
-37 -36 -33 -41 -36 -33 -37 -33 -41 -36 -41 -32 -35 -40 -32
-39 -35 -39 -37 -37 -35 -37 -35 -36 -37 -38 -36 -39
-40 -33 -38 -34 -40 -32 -33 -36 -34 -33 -36 -37 -36 -35 -36
-32 -32 -33 -35 -33 -34 -32 -32 -34 -35 -31 -33 -33 -36 -33
-37 -34 -34 -37 -31 -37 -35 -34 -39 -34 -39 -35 -36 -34 -40 -33 -39
-33 -37 -35 -33 -33 -33 -37 -32 -40 -54 -53 -53 -45 -34 -33 -35 -35 -37
-36 -35 -36 -39 -37 -36 -40 -37 -39 -36 -39 -36
-37 -42 -36 -35 -36 -35 -36 -38 -36 -35 -36 -37 -37 -36 -37 -34 -36 -35
-37 -37 -39 -34 -40 -36 -34 -36 -37 -32 -37 -36 -36 -33
-36 -37 -36 -34 -38 -34 -36 -36 -36 -34 -36 -35 -38 -38 -34 -37 -34
-34 -35 -37 -35 -34 -36 -34 -36 -35 -38 -36 -38 -35 -38 -35 -40 -41 -43
-35 -36 -36 -40 -38 -40 -37 -43 -37 -40 -38 -41 -36 -40 -36 -37
-37 -41 -37 -39 -39 -37 -55 -55 -62 -62 -46 -41 -37 -40 -37
-39 -40 -39 -36 -39 -36 -41 -36 -39 -39 -36 -40 -40 -40 -40 -40 -38
-37 -39 -41 -38 -41 -39 -43 -43 -43 -42 -40 -42 -41 -40 -43 -42 -43
-40 -42 -41 -41 -41 -42 -42 -43 -43 -41 -43 -41 -46 -44 -41
-43 -42 -40 -43 -40 -47 -43 -45 -43 -44 -43 -46 -42 -43 -45 -46 -44
-48 -46 -42 -45 -42 -47 -44 -41 -44 -46 -42 -46 -43 -44 -46 -43 -40
-46 -47 -45 -46 -45 -45 -45 -43 -43 -44 -43 -43 -43 -42 -45 -45
-45 -46 -46 -43 -41 -42 -43 -45 -48 -46 -46 -45 -47 -48 -47 -45 -49 -45 -46
-41 -43 -45 -42 -43 -43 -43 -45 -44 -45 -45 -45 -44 -44 -45 -44 -43 -68 -66
-42 -42 -42 -41 -42 -48 -54 -48 -49 -50 -47 -43 -45 -42 -43 -48 -47
-44 -45 -44 -42 -43 -49 -43 -44 -43 -43 -49 -43 -48 -43 -43 -44 -49 -42 -48
-45 -50 -42 -46 -43 -48 -41 -48 -46 -43 -45 -47 -43 -47 -43 -49
-49 -44 -45 -42 -51 -41 -47 -41 -44 -39 -43 -46 -41 -48 -45 -45
-50 -42 -49 -43 -46 -43 -48 -46 -48 -43 -47 -43 -48 -49 -63 -54
-44 -43 -46 -45 -47 -44 -45 -43 -44 -44 -44 -44 -44 -46 -43 -46 -44
-49 -46 -54 -50 -50 -48 -45 -47 -45 -48 -47 -48 -48 -49 -48 -45 -48 -45 -49
-44 -48 -43 -48 -48 -48 -49 -49 -48 -45 -49 -45 -45 -45 -45 -47 -46 -50 -46
-44 -49 -46 -47 -46 -47 -47 -46 -44 -54 -51 -52 -55 -49 -51 -50 -49
-53 -49 -49 -44 -48 -46 -48 -47 -44 -49 -45 -48 -50 -45 -49
-53 -50 -51 -50 -50 -51 -56 -49 -55 -45 -52 -53 -48 -55 -49 -56 -48
-48 -48 -48 -51 -58 -53 -48 -51 -53 -52 -53 -51 -47 -53 -47
-53 -47 -51 -47 -48 -51 -47 -51 -46 -50 -51 -48 -48 -49
-50 -52 -47 -50 -48 -50 -51 -50 -51 -48 -48 -49 -52 -53 -52 -50 -48
-54 -51 -54 -53 -55 -54 -52 -55 -53 -55 -52 -52 -52 -54 -53 -53 -54
-49 -48 -48 -49 -46 -50 -49 -51 -48 -48 -51 -48 -51 -48 -52 -48 -49 -48 -48
-50 -54 -50 -54 -47 -54 -48 -49 -54 -49 -48 -54 -49 -52 -48 -53 -48 -55
-53 -53 -52 -52 -49 -52 -50 -50 -51 -49 -52 -49 -52 -51 -51 -51 -51 -52
-55 -51 -49 -51 -51 -52 -49 -51 -49 -50 -49 -50 -50 -50 -51 -49 -50 -51 -51
-53 -56 -53 -55 -71 -54 -50 -53 -49 -56 -47 -57 -49 -57 -49 -59 -59
-49 -57 -47 -51 -51 -53 -49 -49 -51 -48 -52 -51 -52 -51 -51
-54 -49 -51 -51 -51 -49 -51 -51 -55 -52 -51 -54 -51 -53 -53
-52 -53 -52 -51 -54 -52 -53 -54 -52 -51 -52 -57 -52 -56 -53 -50 -55 -51 -53 -54 -53
-53 -56 -50 -51 -54 -52 -56 -54 -54 -54 -56 -52 -60 -52 -52
-51 -53 -50 -51 -56 -61 -66 -60 -59 -60 -52 -52 -53 -56
-55 -57 -56 -54 -55 -55 -53 -54 -53 -54 -55 -54 -54 -54 -53 -54
-51 -52 -54 -53 -54 -51 -55 -53 -54 -52 -54 -56 -53 -55 -51 -52 -55 -57 -54 -57
-53 -52 -53 -53 -52 -52 -50 -56 -52 -49 -51 -49 -59 -52 -57 -52 -50 -52
-50 -56 -51 -55 -59 -51 -51 -51 -50 -50 -51 -56 -52 -53 -55 -55 -56 -57 -53
-48 -51 -47 -50 -53 -51 -50 -52 -51 -51 -48 -50 -49 -53 -50
-51 -52 -52 -54 -51 -54 -51 -51 -55 -57 -54 -54 -51 -52 -52
-52 -49 -55 -52 -54 -54 -51 -51 -55 -50 -55 -51 -52 -54 -50 -55
-53 -55 -52 -54 -59 -55 -51 -53 -62 -54 -64 -53 -59 -61 -54 -58 -53 -53
-61 -54 -59 -53 -56 -54 -62 -53 -60 -54 -59 -52
-61 -64 -56 -59 -56 -56 -61 -55 -58 -58 -53 -56 -59 -54 -61 -57 -57
-61 -51 -57 -60 -63 -55 -60 -78 -53 -64 -64 -63 -54 -65 -55 -63 -54 -53 -59 -57
-55 -56 -58 -54 -54 -62 -53 -65 -55 -61 -55 -54
-52 -63 -54 -60 -52 -64 -55 -62 -61 -53 -61 -54 -60 -51 -58 -50
-57 -60 -58 -60 -61 -57 -61 -55 -62 -59 -59 -55 -56 -54 -55
-55 -59 -71 -59 -66 -57 -56 -56 -55 -56 -62 -57 -58 -58 -57 -64 -56 -59 -59 -57 -59
-56 -57 -56 -57 -58 -53 -56 -53 -52 -56 -57 -58 -58 -63 -51 -52 -55
-54 -53 -54 -55 -53 -56 -56 -56 -54 -55 -55 -54 -56 -54
-61 -53 -60 -53 -55 -59 -54 -54 -59 -53 -58 -56 -58
-57 -57 -60 -59 -58 -51 -54 -62 -63 -60 -56 -56 -58
-57 -65 -55 -67 -51 -55 -51 -54 -54 -64 -56 -63 -51 -54 -61
-63 -67 -71 -70 -65 -62 -80 -63 -65 -58 -57 -62 -58 -63 -60 -58
-56 -68 -55 -54 -61 -54 -66 -53 -53 -68 -53 -65 -61 -66 -55
-57 -56 -56 -57 -56 -54 -58 -54 -56 -57 -58 -56 -58 -57 -55 -56 -57 -56
-56 -71 -57 -57 -66 -56 -60 -60 -56 -57 -58
-59 -61 -60 -62 -64 -60 -66 -58 -58 -59 -71 -63 -59 -55 -57
-59 -61 -58 -58 -60 -62 -61 -62 -59 -60 -67 -60 -56 -56 -56 -61 -60
-60 -57 -60 -60 -62 -62 -64 -58 -63 -56 -62 -57 -64 -57 -62 -56 -61 -58
-64 -57 -62 -58 -63 -63 -57 -63 -58 -62 -60 -60 -62 -59
-60 -57 -66 -60 -64 -61 -60 -60 -62 -61 -61
-60 -68 -61 -63 -62 -59 -59 -60 -60 -63 -61 -62 -60 -66 -63 -67 -63 -61 -60
-60 -64 -65 -65 -65 -68 -62 -60 -62 -59 -60 -58 -59 -60
-57 -60 -65 -60 -56 -60 -57 -62 -73 -57 -58 -58 -66 -58 -73 -57 -57
-66 -58 -65 -75 -72 -69 -62 -69 -60 -57 -62 -68 -64 -57 -62 -57 -60 -68 -58 -68
-64 -70 -62 -70 -69 -61 -64 -64 -68 -59 -72 -61 -63 -64 -58 -65
-61 -66 -57 -60 -66 -71 -70 -69 -64 -59 -62 -63 -60
-62 -58 -63 -60 -61 -63 -61 -60 -60 -62 -61 -63 -62 -62 -62
-63 -63 -66 -66 -66 -69 -63 -67



