-61 -63 -62 -62 -61 -66 -61 -60 -60 -61 -65 -63 -62 -61 -63 -62 -63 -61 -62 -62 -62 -64 -62 -61 -61 -64 -62 -64 -61 -62 -61 -60 -60 -61 -60 -60 -60 -63 -61 -60 -60 -63 -60 -62 -63 -62 -63 -62 -60 -61 -60 -60 -62 -60 -60 -62 -60 -60 -60 -63 -60 -61 -63 -61 -60 -61 -60 -60 -61 -62 -60 -61 -60 -62 -60 -60 -60 -63 -62 -61
-74 -74 -72 -70 -72 -70 -70 -69 -72 -73 -73 -73 -75 -73 -73 -72 -74 -72 -73 -75 -75 -75 -74 -76 -73 -75 -76 -76 -77 -77 -77 -77 -75 -75 -74 -75 -74 -75 -74 -73 -73 -72 -72 -72 -72 -72 -71 -71 -73 -72 -72 -72 -72 -71 -71 -71 -72 -72 -72 -72 -72 -71 -73 -72 -71 -71 -71 -72 -68 -68 -68 -68 -68 -68 -69 -69 -68 -68 -68 -69 -68 -68
-71 -71 -70 -70 -70 -70 -72 -71 -71 -71 -73 -71 -71 -72 -73 -74 -73 -72 -72 -72 -74 -72 -72 -71 -71 -72 -70 -72 -70 -70 -70 -70 -70 -69 -71 -73 -72 -71 -70 -71 -71 -71 -70 -71 -72 -71 -71 -72 -71 -72 -71 -72 -71 -71 -72 -72 -72 -72 -72 -71 -71 -72 -72 -72 -72 -71 -71 -72 -70 -71 -70 -69 -70 -70 -72 -71 -71 -71 -73 -71 -73 -72
-78 -76 -76 -77 -79 -78 -78 -79 -80 -78 -78 -77 -82 -83 -79 -78 -80 -80 -81 -82 -83 -83 -83 -84 -85 -84 -81 -80 -82 -78 -79 -79 -81 -80 -80 -81 -83 -82 -82 -83 -81 -80 -81 -80 -78 -78 -78 -79 -82 -83 -83 -84 -82 -80 -80 -85 -83 -82 -86 -83 -85 -83 -84 -87 -85 -83 -81 -91 -84 -82 -82 -84 -82 -82 -82 -81 -81 -80 -81 -80 -81
-80 -80 -80 -81 -79 -80 -81 -81 -79 -80 -79 -82 -83 -82 -79 -81 -84 -81 -81 -82 -82 -84 -83 -81 -82 -82 -82 -82 -83 -82 -90 -95 -96 -90 -87 -86 -86 -87 -88 -86 -86 -85 -86 -85 -85 -86 -89 -92 -86 -89 -89 -89 -91 -92 -92 -89 -80 -81 -81 -81 -81 -81 -82
-80 -83 -81 -81 -83 -81 -80 -81 -80 -81 -81 -80 -81 -81 -80 -80 -81 -80 -82 -79 -80 -79 -78 -78 -78 -78 -78 -79 -77 -80 -79 -81 -82 -80 -80 -80 -81 -80 -80 -79 -80 -79 -81 -80 -78 -78 -77 -77 -77 -77 -76 -77 -77 -77 -77 -78 -78 -78 -79 -78 -79 -80 -78 -77 -77 -78 -77 -76 -76 -77 -78 -78 -78 -79 -78 -79 -79 -77 -79 -78 -77 -78 -78 -78 -78 -80
-83 -85 -91 -88 -89 -84 -85 -85 -87 -84 -86 -85 -85 -83 -86 -85 -87 -86 -85 -86 -84 -89 -85 -84 -84 -85 -85 -83 -83 -89 -85 -85 -86 -88 -86 -86 -87 -89 -90 -91 -89 -88 -86 -90 -91 -90 -92 -91 -92 -89 -95 -87 -83 -88 -91 -92 -88 -89 -89 -86 -87 -92 -88 -90 -88 -86 -85
-80 -82 -79 -79 -80 -81 -77 -78 -78 -77 -78 -78 -80 -81 -81 -81 -83 -86 -86 -87 -88 -83 -84 -84 -84 -83 -85 -85 -84 -84 -84 -85 -84 -84 -84 -86 -86 -85 -88 -87 -91 -91 -91 -89 -88 -87 -86 -87 -87 -87 -88 -87 -87 -88 -91 -88 -89 -94 -91 -94 -92 -91 -89 -85 -88 -90 -89 -89 -90
-79 -81 -82 -79 -80 -84 -83 -81 -80 -79 -81 -79 -80 -79 -82 -81 -81 -80 -81 -80 -80 -80 -80 -80 -79 -80 -81 -82 -80 -79 -80 -80 -80 -79 -79 -77 -77 -76 -78 -76 -76 -76 -79 -79 -76 -76 -75 -74 -74 -74 -77 -76 -75 -75 -75 -76 -83 -86 -84 -85 -84 -84 -83 -85 -84 -83 -83 -82 -84 -83 -84 -84 -82 -81 -81 -81 -83 -82 -82 -81 -81 -81 -82 -81
-81 -81 -81 -83 -82 -82 -82 -82 -82 -83 -83 -83 -82 -81 -80 -82 -79 -79 -80 -85 -87 -86 -87 -88 -85 -87 -87 -83 -82 -84 -85 -83 -83 -82 -82 -81 -82 -80 -81 -79 -81 -81 -78 -80 -79 -79 -78 -80 -80 -81 -79 -81 -80 -80 -80 -82 -81 -81 -82 -81 -80 -80 -80 -81 -81 -81 -81 -80 -80 -81 -80 -79 -81 -80 -80 -81 -80 -80 -79 -81 -80 -80
-90 -89 -87 -86 -86 -86 -87 -89 -89 -89 -89 -88 -88 -93 -93 -90 -89 -91 -90 -89 -89 -93 -88 -89 -88 -88 -88 -88 -89 -87 -91 -88 -84 -86 -90 -86 -86 -86 -86 -87 -86 -87 -86 -85 -86 -86 -85 -87 -85 -86 -85 -88 -88 -85 -86 -89 -87 -89 -86 -89 -85 -87 -84 -87 -85 -84 -90 -85 -85 -87 -83 -82 -83 -82 -82 -84 -86 -88 -90
-89 -88 -90 -88 -89 -91 -92 -91 -93 -92 -91 -89 -90 -90 -88 -88 -88 -90 -88 -88 -86 -87 -87 -87 -87 -86 -87 -85 -86 -86 -87 -89 -86 -91 -91 -93 -93 -93 -95 -92 -97 -92 -96 -95 -95 -94 -95 -89 -90 -91 -92 -91 -92
-80 -80 -79 -79 -81 -79 -80 -79 -80 -80 -80 -80 -82 -80 -81 -81 -81 -80 -80 -80 -81 -80 -81 -80 -80 -80 -81 -81 -83 -81 -80 -81 -82 -84 -85 -83 -85 -84 -84 -85 -85 -85 -85 -86 -85 -84 -87 -86 -86 -84 -85 -86 -85 -85 -83 -85 -85 -85 -85 -85 -84 -86 -85 -84 -85 -85 -85 -84 -86 -84 -85 -87 -89 -89 -88 -88 -87 -88 -89
-81 -81 -82 -82 -81 -81 -82 -82 -82 -82 -83 -82 -81 -83 -81 -81 -81 -83 -81 -81 -82 -82 -81 -81 -81 -82 -81 -82 -81 -81 -81 -81 -81 -81 -82 -81 -81 -81 -80 -80 -80 -80 -80 -80 -80 -79 -80 -80 -80 -81 -80 -80 -80 -81 -79 -80 -80 -80 -80 -80 -80 -80 -80 -80 -80 -80 -81 -80 -80 -83 -80 -80 -80 -80 -80 -80 -80 -81 -80 -80 -83 -84 -84
-81 -80 -80 -80 -81 -79 -79 -79 -79 -79 -79 -79 -79 -80 -79 -79 -80 -80 -79 -80 -80 -81 -79 -80 -80 -80 -80 -80 -79 -80 -79 -80 -85 -84 -83 -84 -84 -83 -83 -84 -84 -84 -83 -84 -85 -85 -84 -84 -87 -84 -85 -85 -86 -87 -87 -87 -86 -85 -84 -87 -85 -86 -87 -86 -87 -86 -86 -87 -86 -86 -87 -84 -81 -81 -81 -81 -81 -81 -83 -83 -83
-82 -82 -80 -80 -81 -81 -80 -81 -81 -83 -82 -82 -82 -83 -81 -81 -81 -84 -81 -81 -81 -83 -82 -82 -82 -82 -83 -81 -81 -82 -82 -82 -82 -82 -82 -82 -87 -86 -87 -87 -87 -87 -87 -90 -89 -90 -88 -88 -94 -92 -97 -91 -97 -94 -94 -92 -90 -89 -89 -87 -88
-86 -87 -86 -85 -85 -86 -86 -86 -85 -87 -86 -86 -85 -86 -88 -86 -86 -84 -84 -89 -93 -84 -85 -86 -86 -85 -88 -88 -87 -86 -88 -90 -86 -86 -86 -86 -86 -83 -84 -84 -84 -84 -84 -88 -86 -83 -84 -85 -86 -85 -85 -84 -86 -84 -84 -84 -84 -86 -85 -86 -85 -84 -86 -85 -84 -85 -84 -85 -84 -86 -84 -86 -85 -85 -85 -84 -85 -86 -86 -85 -88 -87 -86
-85 -85 -86 -86 -87 -88 -87 -87 -84 -87 -85 -86 -85 -87 -85 -84 -82 -82 -82 -83 -82 -83 -83 -82 -82 -82 -84 -83 -82 -81 -85 -83 -82 -83 -82 -84 -83 -82 -83 -83 -83 -83 -85 -86 -87 -85 -85 -85 -85 -85 -87 -85 -86 -85 -86 -85 -84 -86 -86 -86 -86 -87 -86 -86 -86 -85 -87 -85 -87 -86 -86 -85 -86 -86 -86 -86 -86 -85 -87 -88 -90 -88 -89
-92 -93 -92 -97 -96 -97 -92 -94 -95 -94 -95 -93 -95 -94 -92 -93 -94 -94 -93 -95 -92 -93 -94 -91 -92 -95 -92 -94 -93 -95 -93 -92 -93 -91 -92 -91 -92 -90 -91 -93 -93 -93 -91 -90 -90 -90 -91 -91 -89 -89 -91 -90 -89 -91 -89 -88 -92 -89 -88 -89 -89 -89 -89 -89
-95 -95 -99 -97 -96 -98 -94 -95 -92 -88 -89 -89 -89 -90 -91 -90 -91 -90 -90 -90 -89 -89 -89 -90 -89 -89 -87 -90 -91 -90 -90 -89 -90 -89 -90 -89 -90 -89 -89 -89 -90 -90 -89 -91 -88 -89 -91 -90 -90 -91 -89
-90 -91 -89 -90 -91 -90 -91 -94 -93 -96 -95 -92 -96 -94 -93 -95 -94 -93 -93 -92 -92
-89 -90 -91 -90 -89 -90 -91 -91 -88 -89 -89 -89 -89 -94 -97 -96 -91 -93 -94 -95 -92 -94 -92 -93 -91 -95 -96 -94 -96 -95 -97 -94 -96 -95 -98 -95 -97 -98 -96 -96 -97 -95 -96 -97 -97 -94 -98 -96 -97 -96
-93 -94 -93 -97 -95 -94 -94 -93 -92 -93 -92 -92 -92 -92 -91 -93 -93 -93 -93 -95 -92 -95 -92 -92 -94
-98 -98 -94 -98 -94 -95 -97 -95
-91 -91 -90 -90 -89 -90 -90 -90 -90 -89 -89 -89 -89 -90 -95 -95 -95 -96 -93 -94 -95 -95 -96 -93 -96 -94 -95 -96 -95 -93 -92 -97 -92 -93 -96 -93 -94 -96 -93 -95 -96 -96 -99 -102 -97 -98 -94 -95 -97
-89 -88 -90 -88 -91 -90 -91 -90 -90 -90 -91 -89 -91 -90 -91 -89 -89 -89 -91 -91 -92 -94 -90 -92 -91 -90 -93 -91 -93 -94 -94 -93 -90 -92 -92 -94 -92 -93 -91 -91 -92 -92 -93 -94 -94 -93 -94 -94 -94 -93 -95 -94 -92
-92 -93 -93 -96 -91 -89 -91 -97 -94 -90 -90 -89 -90 -93 -91 -88 -88 -90 -90 -91 -90 -88 -89 -89 -91 -90 -89 -91 -89 -89 -91 -90 -89 -91 -88 -91 -90 -90 -90 -89 -90 -91 -90 -90 -92 -91 -91 -93 -91 -92 -90 -92 -92 -91 -90 -90 -91 -91 -89 -89 -89 -88 -89 -90 -89 -89 -89 -90 -90 -90 -89 -90
-87 -88 -88 -87 -87 -88 -87 -87 -88 -87 -87 -87 -93 -92 -89 -86 -87 -89 -90 -88 -90 -88 -89 -89 -91 -90 -89 -92 -93 -92 -94 -92 -93 -92 -98 -94 -92 -92 -90 -93 -91 -90 -93 -94 -95 -95 -92 -92 -92 -95 -94 -92 -92 -93 -91 -94 -94 -91 -90 -93 -93 -92
-95 -96 -95 -95 -96 -94 -93 -93 -96 -95 -91 -90 -90 -91 -91 -89 -89 -92 -92 -90 -96 -93 -94 -92 -93 -92 -91 -91 -91 -91 -92 -92 -92 -90 -90 -90 -91 -92 -92 -94 -92 -92 -93 -93 -91 -91 -91 -90 -92 -91 -91 -91 -94 -91 -94 -93 -92 -93 -92 -93 -93 -92
-92 -91 -93 -91 -90 -89 -92 -89 -90 -93 -91 -90 -89 -90 -89 -90 -89 -89 -90 -87 -90 -87 -88 -88 -88 -89 -88 -88 -89 -90 -90 -91 -88 -91 -89 -93 -89 -92 -92 -89 -90 -89 -90 -88 -91 -91 -88 -87 -91 -88 -90 -87 -89 -88 -90 -89 -92
-90 -88 -91 -91 -89 -90 -91 -90 -91 -90 -90 -91 -91 -90 -88 -88 -91 -87 -91 -88 -93 -94 -91 -94 -89 -94 -88 -85 -84 -87 -84 -91 -90 -86 -86 -91 -92 -94 -96 -94 -92 -91 -94 -93 -94
-91 -90 -91 -93 -91 -91 -92 -93 -93 -93 -93 -91 -91 -92 -91 -92 -92 -92 -94 -93 -91 -93 -94 -92 -95 -91 -93 -92 -93 -91 -91 -93 -94 -94 -94 -94 -93 -97 -97 -94 -97 -95 -93 -93 -98 -94 -92 -93 -93 -96 -94 -96 -92 -93 -93 -91 -93 -92 -92 -94
-87 -87 -88 -88 -88 -88 -86 -88 -86 -88 -87 -89 -88 -89 -89 -91 -91 -92 -88 -90 -90 -90 -90 -91 -89 -89 -90 -90 -88 -90 -89 -89 -89 -91 -88 -89 -89 -89 -89 -89 -89 -87 -88 -87 -91 -89 -89 -89 -90 -92 -92 -91 -91 -90 -90 -90 -91 -90 -94 -91 -91 -92 -91 -90 -90 -91 -93 -91 -91 -91 -91
-91 -87 -89 -90 -87 -87 -88 -87 -91 -90 -90 -91 -92 -92 -94 -93 -89 -90 -88 -84 -84 -88 -88 -88 -85 -81 -86 -92
-86 -88 -87 -87 -88 -89 -88 -86 -88 -92 -92 -90 -90 -91 -90 -88 -92 -88 -89 -93 -87 -85 -84 -83 -83 -83 -81 -83 -82 -83 -81 -84 -83 -84 -85 -82 -83 -82 -82 -83 -83 -83 -83 -84 -83 -83 -83 -83 -87 -87 -87 -86 -87 -88 -86 -86 -85 -87 -86 -86 -85 -86 -86 -86 -88 -86 -87 -87 -87 -86 -86 -86 -86 -87 -86 -86 -86 -86
-88 -87 -87 -88 -86 -86 -86 -88 -87 -87 -87 -86 -87 -86 -87 -87 -88 -88 -86 -86 -85 -85 -85 -85 -85 -86 -88 -85 -87 -87 -86 -87 -87 -87 -88 -87 -86 -86 -85 -86 -85 -87 -86 -87 -86 -87 -85 -86 -87 -86 -87 -89 -92 -90 -90 -92 -95 -90 -88 -88 -88 -88 -88 -89 -90 -90 -89 -91 -89 -88 -87 -89 -88 -87 -91 -88 -88 -87 -89 -90 -91 -90
-88 -90 -89 -90 -88 -87 -89 -87 -87 -86 -88 -85 -85 -85 -85 -86 -85 -86 -85 -86 -87 -87 -87 -88 -87 -87 -89 -89 -88 -88 -87 -88 -88 -88 -88 -89 -89 -89 -89 -89 -90 -88 -87 -89 -88 -88 -88 -88 -88 -89 -89 -89 -91 -90 -89 -88 -87 -88 -88 -90 -90 -88 -90 -90 -88 -89 -88 -89 -89 -88 -90 -91 -92 -92 -90 -91 -91 -91 -93
-88 -88 -87 -87 -90 -88 -89 -88 -89 -88 -88 -88 -88 -88 -88 -88 -88 -87 -89 -89 -87 -90 -88 -89 -88 -89 -87 -88 -87 -88 -88 -88 -88 -88 -87 -88 -88 -87 -87 -87 -87 -92 -90 -92 -91 -91 -91 -90 -88 -90 -87 -91 -96 -92 -94 -93 -93 -94 -97 -91 -91 -91 -92 -91 -93 -91 -92 -89 -92 -92 -93
-90 -91 -91 -91 -90 -90 -91 -91 -90 -91 -90 -89 -89 -90 -89 -89 -90 -89 -90 -89 -90 -89 -90 -89 -88 -87 -88 -87 -87 -87 -89 -88 -87 -88 -88 -88 -87 -87 -87 -88 -90 -90 -90 -89 -89 -88 -90 -89 -89 -90 -90 -91 -94 -88 -91 -88 -89 -88 -88 -90 -88 -90 -89 -90 -89 -89 -88 -90 -89 -89 -86 -88
-88 -87 -89 -90 -90 -90 -89 -90 -91 -89 -89 -94 -91 -92 -92 -89 -92 -92 -91 -90 -90 -92 -92 -91 -92 -89 -89 -86 -88 -88 -88 -91 -91 -90 -90 -88 -90 -89 -91 -90 -90 -90 -89 -90 -90 -89 -90 -90 -90 -90 -88 -88 -89 -89 -89 -89 -89 -92 -89 -90 -90 -90
-92 -94 -93 -93 -93 -92 -93 -93 -91 -92 -96 -95 -93 -95 -97 -95 -97 -97 -94 -96 -99 -98 -99 -94 -94 -96 -93 -94 -96 -94
-93 -98 -93 -95 -97 -95 -98 -94 -98 -96 -93 -95 -94 -94 -96 -94 -91 -92 -92 -95 -92 -93 -93 -93 -94 -93 -92 -92 -93 -93 -93 -92 -94 -94 -94 -92 -93 -91 -95 -93 -93 -94 -93
-96 -93 -94 -95 -96 -95 -96 -93 -97 -96 -96 -99 -96 -97 -93 -93 -92 -94 -92 -93 -92 -92 -93 -94 -94 -95 -91 -92 -92 -93 -96 -95 -96 -96 -96 -96 -96 -95 -93 -94 -94 -93 -93 -95 -94 -93
-93 -93 -95 -96 -97 -97 -95 -94 -96 -95 -92 -99 -100 -98 -95 -96 -96 -96 -98 -98 -94 -96 -96
-93 -95 -92 -93 -94 -95 -96 -96 -95 -96 -95 -95 -95 -94 -93 -93 -94 -96 -102 -97 -93 -96 -94 -92 -92 -95 -94 -95 -95 -92 -91 -92 -92 -92 -91 -95 -93 -93 -94 -95 -92 -92 -93 -92 -92 -93
-94 -97 -94 -91 -92 -94 -94 -96 -94 -95 -97 -97 -97 -97 -97 -96 -98 -97 -94 -94 -95 -94 -95 -100 -95 -98
-96 -95 -95 -96 -94 -95 -94 -94 -93 -95 -94 -96 -96 -95 -93 -96
-95 -96 -97 -94 -98 -94 -97 -94 -95 -98 -95 -96 -97 -97 -97 -98 -97
-93 -93 -92 -96 -91 -87 -87 -92 -94 -95 -93 -95 -96 -94 -95 -93 -91 -93 -92 -93 -93 -92 -92 -96 -93 -93 -92 -95 -95 -93 -92 -96 -92 -91 -92 -92 -90 -91 -90 -91 -91 -91 -91 -92 -91 -92 -90 -91 -89 -90 -91 -90 -90 -90 -90 -91 -92 -91 -94 -91 -91 -91 -91
-96 -92 -95 -92 -92 -91 -94 -91 -95 -93 -94 -95 -93 -94 -92 -95 -93 -95 -96 -94 -93 -93 -95 -93 -95 -96 -93 -93 -98 -95 -92 -91 -90 -92 -92 -93 -92 -94 -94 -94 -93 -93 -95 -93 -92 -93 -91 -94 -92 -92 -92 -92 -93 -90 -92 -90
-94 -93 -92 -94 -92 -92 -90 -91 -91 -90 -91 -93 -94 -93 -92 -91 -91 -91 -91 -90 -92 -91 -91 -93 -91 -93 -91 -92 -91 -89 -89 -89 -91 -89 -90 -90 -89 -89 -87 -89 -89 -90 -89 -89 -89 -91 -90 -93 -92 -91 -89 -88 -89 -90 -89 -90 -90 -90 -90 -90 -89
-92 -95 -96 -92 -93 -95 -92 -92 -93 -92 -94 -92 -91 -92 -91 -93 -93 -92 -91 -93 -90 -91 -92 -94 -93 -94 -93 -92 -93 -92 -93 -94 -92 -94 -93 -93 -93 -92
-96 -97 -96 -100 -98 -93 -96 -94 -92 -95 -95 -93 -92 -92 -92 -92 -92 -92 -93 -93 -92 -92 -93 -92 -93 -92 -92 -94 -94 -92 -94 -91 -94 -92 -93 -92 -91 -93 -94 -94 -93
-93 -92 -94 -95 -95 -91 -92 -91 -91 -93 -92 -92 -91 -92 -93 -96 -90 -93 -93 -95 -92 -93 -94 -94 -92 -93 -90 -92 -92 -92 -94 -94 -96 -94 -95 -95 -94 -93 -94 -93 -93 -93 -92 -93 -93 -93 -93 -96 -94 -94 -93 -94 -93 -93 -93 -93 -94 -93 -92 -93 -94 -95 -93 -93 -92 -95 -95 -93
