-36 -25 -28 -20 -26 -15 -15
-46 -27 -30 -24 -35 -22 -46 -23 -19 -19 -19 -18 -19 -28
-22 -43 -24 -50 -24 -33 -27 -24 -24 -34 -21 -34 -21 -32
-28 -60 -30 -26 -26 -40 -25 -28 -26 -27 -39 -28 -41 -27 -42
-29 -32 -34 -24 -26 -24 -28 -24 -25 -28 -27 -30 -33
-28 -23 -27 -29 -28 -23 -23 -23 -35 -30
-27 -27 -25 -23 -27 -23 -27 -24 -28 -22 -23 -26 -23
-33 -30 -35 -29 -32 -42 -28 -37 -28 -42 -27 -42 -27 -39 -27
-29 -26 -31 -26 -37 -27 -36 -29 -28 -30 -28 -30 -28 -29
-33 -25 -31 -25 -30 -31 -25 -32 -34 -34 -32 -28 -33
-40 -41 -41 -36 -40 -37 -36 -32 -39 -35 -37 -36 -37 -40
-51 -45 -39 -48 -45 -51 -45 -46 -47 -45 -43 -48 -45 -48 -44
-38 -34 -29 -34 -29 -29 -51 -29 -48 -38 -45
-30 -37 -31 -41 -32 -39 -35 -40 -46 -43 -32 -31
-29 -33 -31 -31 -38 -29 -35 -28 -31 -38 -32
-30 -37 -32 -29 -30 -37 -33 -37 -34 -39 -30 -31 -30
-32 -31 -32 -31 -32 -30 -32 -40 -37 -41 -30 -37 -41 -32 -40
-31 -37 -29 -40 -42 -40 -42 -39 -41 -32 -42 -34
-44 -39 -42 -39 -72 -42 -35 -36 -39 -35 -39 -35 -37 -39 -35
-39 -42 -37 -43 -44 -42 -46 -45 -40 -46 -44 -36
-48 -55 -49 -55 -56 -49 -48 -42 -51 -44 -53 -49 -57
-37 -46 -37 -37 -37 -45 -36 -43 -39 -40 -43 -42 -46
-47 -43 -50 -47 -54 -49 -56 -51 -43 -48 -48 -55 -47 -50 -48
-43 -41 -47 -43 -48 -51 -39 -56 -49 -51 -53 -57 -49 -51
-64 -45 -63 -46 -54 -47 -54 -47 -43 -47 -44 -47 -58 -60
-47 -38 -45 -45 -47 -39 -51 -39 -46 -49 -46 -37
-48 -42 -43 -42 -42 -41 -42 -41 -40 -43 -42 -41 -41
-47 -43 -51 -42 -45 -54 -49 -49 -44 -48 -45 -45 -45
-53 -49 -47 -47 -42 -49 -39 -42 -54 -44 -41 -43
-45 -51 -41 -49 -39 -58 -40 -43 -40 -48 -43 -44 -55
-49 -39 -45 -45 -46 -45 -42 -49 -40 -42 -40 -42 -45 -49 -38
-39 -51 -39 -56 -39 -48 -49 -40 -49 -40 -48 -42
-60 -42 -40 -40 -43 -49 -60 -48 -44 -50 -48 -54
-60 -50 -56 -54 -46 -57 -43 -46 -61 -49 -41
-43 -45 -40 -45 -39 -48 -50 -43 -50 -50 -41 -51 -44 -49 -40 -42
-48 -45 -51 -53 -44 -47 -44 -52 -45 -51 -46 -51 -50 -49
-37 -38 -58 -52 -43 -48 -45 -45 -44
-52 -36 -45 -36 -40 -38 -47 -43 -47 -42 -51 -44 -46 -45 -42
-54 -39 -55 -44 -52 -42 -51 -41 -56 -39 -37 -42 -38 -55 -37
-43 -60 -42 -50 -48 -58 -46 -40 -47 -40
-40 -39 -39 -56 -52 -54 -53 -45 -50 -45 -40 -49 -38
-53 -39 -46 -49 -46 -39 -45 -46 -36 -36 -47
-35 -41 -39 -42 -36 -59 -35 -56 -57 -38 -67
-49 -44 -45 -43 -46 -43 -45 -41 -51 -49 -53 -52
-53 -40 -55 -39 -52 -35 -50 -52 -38 -53 -41 -62 -40
-40 -49 -42 -45 -40 -45 -40 -43 -40 -45 -41 -45 -44
-36 -47 -37 -43 -37 -44 -37 -46 -47 -47 -48 -39 -49 -38 -44
-53 -39 -43 -39 -38 -44 -43 -37 -41 -52 -41 -63 -38
-51 -44 -48 -54 -53 -60 -46 -57 -45 -45 -51 -54 -51 -58
-44 -55 -43 -51 -47 -49 -48 -46 -47 -49 -47 -41
-39 -39 -36 -36 -45 -37 -45 -51 -38 -48 -40 -41 -40 -39
-61 -59 -43 -66 -43 -57 -51 -51 -65 -50 -45 -52 -47
-53 -50 -56 -46 -49 -47 -46 -49 -45 -44 -59 -39 -57 -40
-42 -41 -40 -40 -39 -37 -44 -38 -49 -43 -38 -44 -35
-43 -42 -46 -47 -48 -46 -47 -47 -53 -41 -48 -41 -54
-49 -40 -50 -39 -39 -38 -38 -49 -39 -49 -43 -49
-47 -40 -45 -34 -47 -49 -39 -50 -39 -39 -40
-39 -47 -40 -49 -42 -40 -45 -42 -42 -45 -45 -45 -45
-52 -54 -44 -53 -44 -56 -51 -42 -51 -42 -51 -52 -49 -50
-44 -46 -45 -42 -38 -48 -42 -48 -42 -49 -42 -49 -42 -52 -42
-52 -46 -57 -43 -55 -59 -47 -46 -45 -48 -60 -55 -55 -48
-55 -38 -49 -38 -37 -38 -38 -51 -54 -40 -48 -43 -51 -45 -58
-43 -56 -44 -63 -44 -44 -44 -45 -54 -42 -43 -41 -55
-46 -44 -54 -43 -58 -45 -57 -41 -57 -43 -46 -43 -45 -63 -51
-56 -62 -49 -63 -48 -46 -46 -49 -46 -43 -55 -43 -58 -44
-42 -41 -42 -49 -40 -50 -52 -41 -51 -40 -43 -41 -44
-45 -49 -48 -54 -45 -56 -46 -57 -46 -45 -49 -46 -63
-45 -46 -44 -45 -60 -45 -58 -47 -58 -46 -62 -45 -67
-51 -47 -52 -55 -52 -56 -49 -57 -48 -49 -47 -46 -47 -54
-47 -48 -47 -53 -47 -54 -48 -53 -50 -52 -45 -52 -44 -50 -46 -48
-47 -50 -50 -51 -53 -52 -52 -55 -50 -56 -49 -52 -51 -52 -50
-56 -50 -55 -53 -54 -54 -45 -51 -53 -46 -45 -52
-51 -55 -48 -54 -48 -51 -55 -48 -59 -66 -49 -59 -50
-49 -59 -47 -54 -68 -62 -53 -47 -54 -48 -59 -48
-51 -47 -52 -61 -55 -51 -52 -50 -55 -65 -56
-49 -53 -49 -52 -54 -53 -56 -48 -56 -48 -59 -47
-52 -49 -49 -60 -53 -61 -57 -64 -50 -59 -50 -55
-49 -55 -52 -56 -65 -56 -61 -52 -54 -48 -46 -49 -46
-51 -52 -49 -65 -52 -58 -52 -45 -51 -54 -44 -56
-53 -46 -55 -47 -49 -56 -62 -55 -61 -54 -56 -50
-62 -69 -62 -69 -54 -68 -50 -51 -51 -54 -51 -52
-49 -48 -48 -49 -57 -60 -50 -58 -53 -49
-49 -49 -51 -47 -47 -48 -58 -50 -55 -50 -57
-50 -54 -50 -48 -50 -57 -52 -59 -53 -59 -48 -49
-76 -55 -55 -57 -57 -75
-49 -56 -55 -52 -58 -55 -55 -49 -57 -50
-57 -52 -63 -58 -49 -57 -51 -51 -54 -52 -52 -52 -54 -60
-53 -62 -54 -63 -52 -53 -53 -54 -56
-52 -55 -69 -52 -65 -50 -64 -60 -61 -69 -51 -51 -62 -49
-64 -56 -54 -56 -60 -57 -60 -53 -51 -50 -56
-60 -62 -63 -54 -68 -56 -55 -57
-67 -63 -59 -55 -59
-59 -61 -66 -55 -55 -65 -56
-65 -67 -58 -48 -51 -50 -54 -50 -52 -67 -55
-53 -49 -63 -51 -67 -53 -73 -67 -58 -54
-56 -55 -56 -62 -56 -55 -53 -63
-51 -60 -50 -58 -54 -55 -52 -49 -48 -50 -60 -51 -59
-51 -56 -61 -53 -55 -59 -64 -52 -53 -54
-61 -67 -60 -66 -61 -56 -62 -53 -55 -63
-53 -55 -66 -55 -65 -57 -53 -52 -65 -55
-65 -57 -68 -61 -59 -62 -60 -69 -70 -68 -57
-77 -65 -65 -75 -59
-53 -64 -62 -69 -60 -66 -55 -63 -62 -62 -68 -59 -62
-56 -56 -56 -68 -59 -66 -53 -58 -54 -63
-53 -51 -57 -55 -56 -59 -57 -57 -67 -56
-55 -53 -59 -59 -63 -59 -55 -54 -61
-55 -56 -59 -73 -58 -68 -54
-56 -53 -66 -54 -55 -56 -64 -57 -66 -55 -61
-64 -60 -64 -64 -61 -61 -63 -71 -60 -59 -64
-63 -57 -70 -57 -63 -57 -65 -62 -61 -61 -61 -63
-61 -71 -55 -62 -56 -66 -62 -63 -63 -60 -73
-63 -59 -57 -59 -71 -64 -58 -64 -65 -59 -61 -59
-60 -64 -59 -62 -56 -55 -58 -56 -53 -53 -53 -72
-57 -64 -55 -62 -55 -61 -55 -54 -54 -54 -55 -62 -55 -63 -54 -61
-63 -59 -62 -56 -53 -64 -54 -53 -56 -54 -62 -57
-56 -52 -51 -57 -52 -50 -49 -52 -49
-52 -51 -58 -53 -60 -60 -51 -55 -59 -59 -60 -62 -58
-50 -55 -51 -50 -54 -67 -52 -64 -52 -61 -61 -54 -66 -53 -53 -51 -47
-65 -52 -69 -55 -56 -67 -53 -73
-61 -57 -59 -60 -56 -60 -56 -56 -61 -52 -61 -58 -62 -60
-51 -50 -53 -63 -54 -64 -49 -63 -50 -62 -51 -48 -51 -50 -61
-54 -48 -49 -55 -49 -60 -49 -55 -59 -49 -62 -49 -48
-49 -59 -50 -58 -64 -56 -50 -53 -56 -61 -58
-55 -55 -64 -65 -75 -57 -59 -57 -56 -55 -61 -58 -57
-64 -66 -63 -55 -63 -60 -60 -64 -60
-58 -72 -56 -74 -58 -63 -60 -60 -65 -61 -64 -67
-57 -66 -57 -52 -54 -55 -63 -67 -68 -69 -65
-56 -64 -59 -79 -60 -61 -71 -71 -72
-62 -57 -61 -54 -63 -61 -68 -55 -62 -54 -64
-53 -64 -54 -55 -59 -56 -67 -64 -68 -54 -62 -71 -60
-55 -66 -59 -67 -60 -65 -66 -57 -60 -64 -60 -69 -54 -59 -52
-68 -66 -62 -54 -55 -56 -63 -51 -66 -60 -53 -61
-59 -70 -57 -54 -58 -53 -64 -62 -58 -65 -57
-60 -57 -61 -63 -57 -59 -70 -60 -57 -60
-66 -54 -66 -57 -71 -60 -64 -65 -59 -65
-73 -68 -70 -68 -66
-64 -68 -57 -61 -58 -68 -60 -67 -59 -68
-70 -73 -63 -65 -63 -64
-64 -66 -66 -57 -64 -56 -59 -68 -58 -69 -57 -69 -58
-55 -57 -74 -54 -72 -56 -76 -55 -55 -56 -57
-48 -54 -49 -71 -51 -69 -54 -69 -70 -55 -54 -55 -55 -54 -56
-60 -56 -67 -60 -69 -59 -56 -57 -56 -71 -56 -68 -61
-67 -61 -71 -56 -57 -55 -58 -55 -65
-56 -58 -64 -71 -56 -56
-58 -60 -73 -60 -74 -56 -69 -55 -59 -56 -61 -59 -58
-72 -60 -62 -71 -59 -69 -59 -57 -71 -72 -68
-66 -62 -70 -59 -62 -74 -60 -66 -62 -60 -56 -62 -58 -62
-64 -73 -65 -71 -60 -60 -57 -65 -59 -61 -70 -60 -68 -61 -70
-62 -80 -61 -70 -60 -71 -63 -66 -60 -65 -56
-78 -66 -59 -60 -55 -75 -68 -58 -57 -69
