-26 -21 -23 -23 -28 -27 -26 -27 -27 -28 -28 -28 -29 -29 -29 -29
-30 -30 -28 -34 -35 -34 -33 -32 -31 -33 -34 -33 -32 -30 -28 -30 -30 -29 -30 -29
-34 -36 -35 -32 -36 -37 -38 -39 -34 -36 -37 -33 -32 -33 -35 -33
-33 -34 -34 -34 -33 -33 -34 -34 -33 -31 -30 -32 -31 -29 -30 -27 -29 -32 -32
-46 -45 -42 -45 -40 -39 -40 -40 -44 -38 -39 -40 -41 -39 -43 -37
-39 -36 -42 -41 -44 -39 -37 -39 -37 -39 -42 -39 -43 -38 -39 -42 -42 -38 -44
-34 -35 -34 -34 -36 -33 -34 -37 -32 -40 -33 -34 -34 -36 -36 -42
-31 -38 -33 -39 -36 -39 -35 -34 -38 -34 -40 -37 -37 -37 -37 -37 -36 -36 -38 -35
-36 -35 -36 -34 -35 -34 -35 -38 -36 -38 -36 -34 -36 -34 -38 -34 -40 -36 -34 -36 -37
-38 -35 -37 -39 -39 -40 -36 -34 -41 -36 -35 -40 -38 -37 -40 -35 -36 -38 -40 -37 -36
-37 -38 -36 -35 -36 -40 -36 -40 -38 -40 -38 -38 -38 -38 -37 -39 -33 -38
-41 -37 -41 -38 -39 -39 -41 -38 -38 -38 -40 -38 -37 -39 -37
-39 -39 -39 -38 -38 -40 -37 -40 -38 -39 -37 -39 -39 -39 -40
-39 -37 -41 -39 -40 -41 -36 -35 -37 -35 -39 -39 -38 -40 -37 -35 -40 -35 -41 -34 -39 -37
-40 -40 -40 -40 -41 -41 -41 -41 -40 -41 -39 -42 -39 -41 -40 -38
-40 -39 -42 -43 -39 -41 -42 -41 -41 -42 -40 -42 -39 -42 -39 -43 -42 -44 -42
-41 -44 -42 -44 -40 -41 -40 -39 -41 -38 -39 -40 -45 -40 -40 -41 -42 -40
-42 -40 -42 -42 -41 -43 -43 -41 -43 -41 -43 -41 -41 -43 -42 -43 -42 -46
-37 -41 -39 -41 -40 -40 -42 -40 -43 -41 -41 -43 -41 -43 -43
-42 -40 -47 -42 -42 -41 -43 -43 -44 -46 -42 -45 -41
-45 -45 -44 -44 -41 -40 -43 -46 -43 -45 -40 -45 -40 -45 -44 -40 -44 -40 -45
-43 -45 -42 -45 -44 -52 -47 -48 -47 -49 -47 -49 -47 -43 -48
-42 -42 -46 -42 -45 -42 -47 -42 -46 -41 -45 -42 -45 -45
-42 -45 -42 -46 -42 -42 -42 -44 -44 -46 -44 -47 -43 -44 -45 -42
-44 -45 -45 -44 -45 -49 -46 -44 -45 -47 -49 -48 -47 -48 -46 -41 -48 -44 -49
-44 -46 -46 -45 -48 -46 -46 -44 -48 -46 -49 -45 -50 -45 -44 -46 -48 -47 -48 -48
-46 -47 -46 -45 -45 -45 -45 -48 -45 -47 -46 -42 -44 -47 -45 -45 -46 -46 -44 -49 -48
-46 -46 -48 -47 -45 -49 -46 -52 -53 -49 -51 -48 -48 -43 -49 -45 -50 -49 -50
-43 -48 -44 -47 -51 -48 -51 -50 -48 -46 -48 -46 -46 -47 -49 -48 -47
-45 -47 -47 -47 -49 -46 -47 -49 -48 -51 -47 -50 -48 -48 -54 -50
-50 -45 -49 -46 -48 -47 -47 -46 -45 -49 -49 -48 -47 -49 -49 -48 -49 -44 -49
-47 -51 -47 -49 -51 -48 -47 -48 -48 -49 -51 -48 -48 -49 -48 -48 -48 -48
-45 -45 -46 -46 -49 -47 -48 -48 -46 -48 -46 -49 -48 -48 -48 -49 -48 -49
-48 -51 -56 -54 -54 -53 -53 -49 -52 -47 -48 -51 -49 -47 -48 -48 -48 -49 -48
-48 -50 -49 -52 -48 -48 -49 -49 -54 -49 -54 -52 -49 -48 -52 -51 -52 -52
-49 -45 -49 -49 -55 -46 -49 -45 -50 -49 -50 -49 -46 -49 -46 -50 -49 -53
-47 -50 -49 -51 -52 -51 -49 -49 -49 -49 -49 -50 -49 -50 -49 -48
-50 -50 -54 -55 -57 -56 -58 -52 -50 -53 -51 -52 -52 -50 -56 -49 -53 -50
-53 -52 -53 -54 -53 -52 -52 -52 -53 -53 -55 -53 -51 -54 -52 -52 -52 -53
-52 -56 -51 -52 -58 -50 -52 -51 -55 -50 -53 -53 -52 -52 -51 -53 -56
-48 -51 -54 -53 -54 -54 -57 -52 -49 -55 -53 -50 -54 -62 -66 -69 -64 -51 -56
-52 -49 -52 -54 -53 -50 -53 -47 -53 -52 -55 -51 -48 -55 -48 -48 -55 -50 -48
-52 -54 -53 -54 -51 -54 -52 -52 -54 -52 -51 -53 -51 -53 -51
-52 -52 -52 -49 -52 -54 -53 -54 -54 -52 -53 -52 -54 -53 -56
-54 -50 -51 -56 -53 -55 -54 -56 -46 -58 -56 -52 -55 -51 -56 -50 -56 -57
-54 -54 -56 -60 -56 -55 -57 -61 -54 -56 -57 -59 -55 -55 -59 -58 -59
-54 -61 -58 -60 -60 -55 -54 -55 -56 -56 -57 -59 -57 -56 -57 -56 -59 -56 -60 -58
-53 -58 -52 -54 -60 -59 -53 -57 -59 -58 -53 -60 -54 -59 -54 -57
-54 -52 -56 -52 -60 -51 -52 -52 -53 -54 -54 -56 -54 -57 -54 -60 -56 -59
-55 -60 -54 -53 -54 -52 -60 -52 -61 -62 -54 -52 -53 -61 -54 -52 -63 -52
-53 -53 -55 -60 -53 -61 -54 -57 -56 -60 -53 -57 -56 -58 -56 -55
-61 -62 -57 -60 -59 -59 -60 -61 -58 -63 -59 -56 -56 -57 -58 -56 -59
-54 -63 -55 -55 -61 -54 -55 -57 -60 -60 -59 -63 -57 -63 -56 -61 -60 -57 -60 -64
-59 -56 -63 -57 -62 -55 -61 -57 -61 -56 -56 -63 -62 -58 -59 -57 -57 -58 -55
-55 -57 -56 -62 -61 -58 -60 -57 -56 -54 -60 -55 -60 -61 -60 -57 -56 -55 -55 -53
-63 -61 -62 -62 -63 -64 -61 -59 -58 -65 -60 -57 -59 -62 -65 -70 -58 -59
-65 -59 -65 -59 -59 -58 -59 -58 -59 -57 -67 -59 -59 -59 -59 -60 -67 -60
-58 -57 -62 -61 -65 -60 -63 -63 -59 -66 -64 -60 -61 -59 -60 -58 -63
-60 -56 -62 -62 -57 -57 -58 -58 -62 -57 -65 -57
-56 -63 -57 -60 -56 -55 -58 -63 -56 -61 -56 -57 -55 -57 -57 -59 -57
-60 -60 -64 -60 -62 -58 -62 -62 -57 -65 -60 -59 -62 -67 -67 -59
-64 -62 -63 -65 -67 -67 -58 -68 -73 -63 -67 -62 -64 -61 -61
-62 -67 -62 -64 -64 -64 -71 -63 -69 -68 -62 -60 -62 -64 -62 -61 -65 -59
-56 -61 -57 -56 -54 -63 -55 -64 -56 -59 -57 -59 -59 -60 -55 -61 -55 -55 -56 -56
-60 -61 -63 -68 -66 -61 -61 -66 -62 -63 -60 -61 -59 -61 -63 -65 -64
-59 -60 -60 -61 -58 -60 -57 -59 -60 -59 -58 -61 -63 -59 -60 -61 -63
-66 -64 -67 -59 -57 -64 -66 -61 -59 -63 -58 -67 -57 -65 -60 -59 -62 -63 -57
-59 -67 -65 -63 -61 -62 -64 -63 -59 -63 -60 -60 -61 -60 -67 -59 -65
-65 -62 -65 -62 -62 -60 -61 -64 -64 -63 -61 -61 -62 -61 -60 -59 -62
-60 -65 -60 -63 -69 -62 -62 -66 -63 -65 -73 -59 -59 -76
-68 -56 -62 -56 -66 -60 -55 -60 -58 -71 -59 -70 -59 -57 -58 -57 -77 -57
-66 -57 -66 -56 -57 -55 -65 -55 -66 -56 -57 -57 -56 -62 -55 -67 -56 -55 -57 -54
-57 -57 -57 -57 -57 -57 -63 -57 -60 -57 -59 -59 -60 -57 -62 -55 -55
-59 -55 -59 -59 -60 -58 -59 -60 -59 -59 -59 -58 -57 -57 -58 -56 -57 -59
-57 -61 -60 -62 -77 -60 -61 -57 -58 -60 -77 -63
-58 -62 -62 -62 -58 -56 -64 -63 -59 -64 -58 -59 -59
-65 -56 -69 -58 -61 -58 -64 -65 -60 -58 -60 -58 -59 -69 -63 -67 -62 -59
-60 -62 -64 -63 -66 -63 -62 -65 -66 -63 -64 -65 -62 -64 -60 -65 -61
-64 -65 -59 -65 -63 -65 -61 -67 -59 -67 -67 -67 -63 -62 -62
-62 -62 -64 -68 -62 -59 -63 -67 -69 -67 -67 -65 -62
-67 -62 -60 -73 -59 -55 -59 -55 -57 -57 -61 -72 -61 -64 -61 -65 -64 -68 -63
-64 -59 -63 -58 -58 -58 -57 -62 -57 -62 -57 -66 -58 -56 -66 -67
-69 -62 -68 -61 -61 -58 -65 -64 -58 -63 -62 -61 -59 -65 -60 -58 -58 -58
-59 -56 -56 -55 -67 -63 -68 -69 -63 -54 -55 -55 -59 -56 -59 -55
-64 -59 -66 -60 -66 -61 -62 -60 -63 -63 -63 -67 -63 -61 -63 -60
-62 -61 -62 -61 -61 -63 -61 -61 -61 -59 -64 -62 -63 -61 -61 -61 -63 -60
-67 -75 -67 -71 -62 -66 -65 -72 -66 -66 -74 -64 -73 -65
-64 -66 -66 -70 -72 -64 -63 -65 -62 -63 -72 -64 -63 -64 -64
-62 -60 -62 -61 -61 -60 -60 -62 -60 -62 -59 -70 -62 -70 -63 -60 -66 -60 -71
-58 -60 -66 -60 -57 -60 -67 -61 -67 -61 -62 -58 -61 -59 -60 -61
-68 -58 -67 -66 -58 -62 -58 -59 -59 -62 -57 -58 -61 -66 -62
-67 -61 -60 -65 -59 -59 -61 -64 -63 -65 -63 -65 -62 -60 -64 -61 -62 -63 -61
-63 -64 -63 -65 -64 -65 -69 -67 -63 -67 -64 -65 -63 -65 -63 -62 -62 -59 -66 -60
-58 -63 -66 -60 -66 -63 -66 -63 -64 -63 -65 -60 -62 -64 -63 -64 -60
-61 -59 -63 -62 -60 -64 -60 -64 -60 -64 -63 -58 -62 -60 -62 -63
-60 -55 -59 -57 -67 -64 -60 -64 -62 -66 -62 -65 -66 -65 -64 -66
-60 -59 -62 -59 -65 -60 -62 -58 -57 -64 -64 -59 -58 -63 -57 -64 -56
-63 -62 -63 -63 -68 -63 -62 -62 -63 -64 -64 -60 -65 -61 -65 -60
-66 -62 -65 -74 -66 -64 -70 -65 -59 -66 -62
-62 -60 -66 -59 -57 -59 -62 -59 -60 -58 -59 -59 -59 -60 -60 -59 -59 -59
-69 -72 -64 -65 -65 -65 -64 -65 -67 -67 -66 -66 -64 -67
-74 -65 -67 -75 -77 -61 -66 -65 -62 -62
-57 -57 -58 -59 -62 -62 -66 -59 -52 -55 -57 -56 -57 -60 -55 -57
-62 -61 -58 -60 -62 -62 -58 -60 -59 -60 -60 -57 -60 -57 -60 -60 -57 -58
-61 -62 -61 -60 -62 -61 -61 -62 -57 -61 -58 -62 -62 -62 -63 -64
-63 -62 -61 -63 -62 -60 -62 -58 -62 -59 -62 -64 -63 -63 -63 -63 -61
-65 -65 -66 -67 -65 -66 -68 -67 -65 -64 -73 -68 -76
-61 -61 -70 -62 -65 -63 -64 -65 -65 -65 -61 -62 -63 -64 -64 -69
-62 -63 -68 -68 -70 -65 -63 -64 -66 -64 -66 -68
-68 -66 -68 -65 -67 -69 -69 -68 -64 -71 -67 -68 -67 -68
-71 -74 -75 -77 -69 -80
-68 -71 -69 -68 -67 -68 -65 -67 -67 -66 -67 -66 -70
-74 -67 -67 -68 -72 -70 -71 -65 -71 -69 -74 -74 -69
-68 -73 -70 -72 -75 -71 -70 -71 -73
-69 -69 -67 -70 -65 -70 -65 -67 -67 -64
-67 -68 -69 -65 -68 -69 -67 -65 -65 -70 -67 -66 -68
-65 -70 -63 -69 -68 -71 -66 -71 -66 -65 -68 -67 -77 -68 -66 -67 -66
-69 -68 -66 -65 -74 -69 -79
-68 -72 -72 -71 -68 -70 -78 -68 -74 -66 -68 -71 -67 -67
-72 -73 -69 -67 -77 -76 -68 -65 -73
-71 -70 -64 -73 -71 -65 -72 -75 -72 -65 -69 -66 -67
-70 -75 -70 -68 -69 -70 -71 -68 -69 -68 -67 -65 -71 -63 -69 -64 -69
-66 -66 -74 -68 -75 -68 -68 -70
-65 -64 -63 -71 -61 -64 -67 -66
-68 -64 -62 -65 -64 -64 -72 -64 -70 -71 -68 -63 -69 -62
-63 -67 -69 -67 -63 -68 -68 -69 -67 -63 -68 -70 -62 -63 -71
-68 -66 -66 -64 -70 -67 -65 -70 -61 -67 -62 -65 -65 -64
-68 -67 -71 -66 -66 -67 -62 -67 -68 -64 -64 -68 -63 -65 -61
-70 -67 -65 -69 -68 -63 -67 -65 -66 -64
-61 -64 -59 -68 -64 -67 -62 -67 -65 -66 -61 -71 -65
-64 -70 -70 -68 -69 -63 -64 -65 -65 -67 -64 -63 -63 -63 -68 -64 -68 -64
-66 -69 -65 -74 -65 -68 -66 -71 -74 -64 -67 -67 -69
-63 -65 -68 -66 -68 -68 -72 -63 -70 -67
-66 -68 -67 -66 -66 -68 -65 -67
-69 -79 -71 -70 -73 -67 -65 -68
-66 -74 -65 -67 -65 -61 -67 -67
-69 -70 -66 -71 -71 -72
-67 -66 -78 -74 -65 -68
-64 -64 -67 -72 -69 -66 -71 -63
-67 -75 -68 -72 -67 -68 -72 -68 -69 -70 -69 -72 -68 -67 -68
-67 -76 -70 -67 -71 -75 -65 -75 -70 -73 -69 -66 -74 -65 -75 -68 -72 -76
-72 -73 -79 -69 -70 -74 -81 -72 -67 -72 -81 -68 -74
-67 -71 -71 -72
-78 -70 -75 -73 -73 -74
-71 -74 -74 -78 -73 -75 -79 -76
-72 -72 -76 -73 -70 -79 -71 -74 -73 -76 -76 -75
-75 -74 -72 -76 -78 -76 -80 -72 -73 -82
-71 -73 -79 -70 -82 -71 -78 -70 -76 -77
-79 -73 -69 -77 -70 -72 -70 -70 -74 -68 -80 -70 -71 -70 -68
-72 -71 -72 -70 -72 -69 -75 -69 -71 -70 -72 -80 -71 -69 -69 -73
