-46 -35 -33 -50 -35 -40 -35 -33 -41 -33 -46 -35 -46 -37 -47 -34 -42 -40 -35 -40
-39 -42 -45 -41 -46 -46 -48 -51 -48 -55 -46 -47 -45 -51 -62 -67 -49
-46 -44 -43 -46 -43 -44 -40 -43 -38 -62 -44 -43 -44 -44 -40 -40 -44 -52 -43 -38
-40 -40 -43 -40 -52 -36 -48 -51 -42 -56 -40 -55 -34 -38 -37 -40 -34
-44 -43 -43 -41 -46 -41 -45 -46 -46 -46 -39 -38 -40 -43 -53 -44 -39 -47
-44 -43 -44 -47 -47 -39 -44 -39 -41 -35 -41 -38 -38 -44 -39 -43 -37
-40 -43 -42 -42 -41 -38 -40 -44 -39 -42 -42 -41 -42 -36 -43
-40 -43 -42 -43 -42 -40 -41 -39 -40 -40 -41 -40 -41 -40 -40 -41 -42 -41
-39 -41 -40 -39 -37 -42 -39 -41 -42 -41 -40 -42 -40 -41 -38 -42 -38 -43
-45 -44 -46 -47 -45 -49 -51 -44 -43 -43 -43 -43 -45 -42 -40 -45 -44 -39
-43 -50 -45 -48 -46 -51 -44 -48 -42 -47 -47 -41 -46 -41 -55 -49 -49
-49 -40 -44 -42 -45 -51 -43 -49 -42 -45 -48 -48 -51 -45 -43 -43 -47 -49 -43
-45 -46 -45 -50 -49 -54 -60 -46 -45 -64 -41 -68 -43 -67 -44 -46 -53 -46
-50 -48 -52 -45 -52 -47 -55 -57 -54 -53 -48 -55 -57 -55 -48 -55 -50 -54
-63 -47 -57 -51 -45 -47 -46 -49 -44 -54 -43 -50 -48 -51 -45 -50 -44 -50
-47 -54 -47 -48 -48 -56 -42 -44 -50 -46 -49 -47 -49 -47 -45 -47 -48 -47 -48
-53 -49 -47 -60 -55 -49 -55 -57 -49 -49 -49 -57 -47 -48 -45 -49 -47 -57 -48 -57
-56 -51 -61 -52 -48 -56 -48 -53 -50 -55 -53 -56 -50 -55 -48 -56 -49 -52 -47 -50
-54 -48 -52 -50 -52 -50 -49 -49 -48 -49 -48 -47 -48 -48 -49 -50
-45 -54 -46 -54 -52 -52 -52 -45 -53 -48 -52 -53 -54 -52 -54 -50
-59 -51 -53 -50 -49 -54 -54 -54 -52 -55 -52 -56 -53 -52 -54 -49
-50 -66 -52 -59 -45 -51 -50 -53 -55 -49 -59 -49 -63 -49 -59 -54 -51
-48 -54 -50 -48 -51 -50 -52 -53 -48 -51 -51 -54 -51 -55 -49
-55 -52 -55 -52 -53 -55 -54 -54 -53 -53 -57 -51 -50 -56 -57 -55 -52 -57 -53
-53 -54 -57 -75 -56 -68 -67 -61 -50 -55 -57 -53 -54 -52 -52 -52 -55 -52 -56 -53 -56
-53 -56 -52 -52 -53 -54 -57 -52 -57 -56 -52 -55 -55 -54 -56 -56 -55 -58
-66 -59 -54 -54 -59 -56 -56 -53 -56 -53 -55 -55 -60 -54 -56 -56
-56 -55 -59 -57 -57 -56 -52 -53 -52 -54 -53 -52 -54 -54 -53
-52 -53 -51 -51 -52 -50 -55 -52 -54 -53 -52 -55 -52 -55 -54 -52 -52
-53 -53 -56 -54 -58 -53 -53 -57 -53 -56 -53 -58 -53 -53 -53 -56 -54 -62
-53 -65 -55 -52 -53 -69 -55 -63 -53 -55 -65 -68 -52 -63 -52
-53 -56 -54 -52 -53 -52 -55 -55 -53 -59 -54 -56 -58 -53
-60 -58 -63 -59 -61 -61 -68 -56 -59 -64 -62 -66 -63 -58 -61 -58 -61 -61 -60 -69 -61
-55 -57 -53 -54 -58 -57 -59 -54 -66 -59 -59 -61 -62 -54 -63 -62
-69 -65 -60 -56 -57 -60 -57 -60 -61 -61 -59 -59 -59 -57 -58 -58 -61
-56 -54 -57 -55 -56 -53 -56 -53 -56 -54 -58 -55 -56 -59 -61 -55 -59 -57
-64 -66 -67 -56 -56 -58 -62 -63 -59 -59 -61 -63 -65 -56 -58
-53 -60 -58 -59 -59 -58 -59 -57 -58 -59 -59 -58 -58 -72 -60 -70
-61 -64 -59 -61 -57 -64 -58 -57 -65 -66 -60 -54 -60 -57
-59 -65 -56 -54 -56 -64 -59 -62 -58 -60 -53 -60 -53 -63 -54 -63 -59 -54 -62
-63 -53 -61 -57 -55 -63 -60 -66 -56 -62 -58 -57 -57 -55 -62 -57 -60
-57 -64 -57 -60 -57 -62 -57 -60 -66 -60 -56 -61 -56 -61 -56 -59 -62 -58 -61
-64 -59 -66 -62 -60 -57 -58 -58 -59 -61 -59 -61 -60 -62 -61 -63 -63 -62
-57 -57 -58 -58 -57 -58 -57 -60 -56 -58 -57 -56 -57 -57 -60 -58 -60 -57
-63 -62 -59 -61 -57 -64 -60 -66 -59 -59 -60 -62 -59 -62 -62 -62
-63 -61 -60 -57 -59 -62 -59 -63 -59 -62 -57 -65 -55 -63 -66 -61 -60 -55
-57 -60 -71 -58 -61 -65 -61 -67 -65 -67 -68 -67 -57 -63 -67 -64 -69 -65 -70
-67 -58 -67 -67 -67 -63 -65 -71 -59 -62 -57 -62 -61 -57 -57
-61 -63 -59 -58 -61 -59 -62 -60 -63 -65 -67 -60 -66 -60 -67 -59 -60
-60 -67 -66 -62 -67 -60 -68 -62 -63 -67 -65 -59 -65 -58 -65 -65 -59 -67 -59
-63 -63 -69 -63 -66 -63 -66 -61 -65 -60 -65 -63 -66 -63 -63 -63 -61
-57 -60 -60 -64 -63 -60 -64 -59 -66 -63 -59 -59 -62 -59 -66 -63 -66
-60 -67 -62 -67 -76 -62 -62 -64 -63 -59 -67 -67 -67 -62 -59 -62 -64 -63 -66 -61 -63 -62 -62
-60 -64 -60 -63 -59 -57 -65 -59 -69 -61 -58 -63 -57 -61 -56 -66 -56 -64
-58 -62 -59 -58 -62 -62 -63 -58 -62 -60 -66 -58 -63 -63
-58 -71 -62 -65 -63 -64 -65 -59 -64 -65 -64 -70 -63 -59 -60 -59 -60
-60 -70 -60 -64 -67 -64 -65 -60 -71 -63 -67 -62 -66 -65 -62 -58 -61 -67
-64 -69 -68 -64 -67 -62 -67 -65 -66 -65 -64 -65 -63 -64 -64 -67 -63
-62 -60 -66 -65 -62 -63 -60 -64 -60 -63 -61 -62 -63 -64 -64 -65
-61 -62 -63 -60 -61 -65 -60 -64 -62 -62 -65 -64 -62 -66 -61
-60 -68 -66 -68 -59 -72 -63 -68 -65 -63 -66
-63 -67 -61 -67 -67 -61 -68 -68 -70 -67 -69 -63 -70 -63 -71 -64 -71 -71 -76
-63 -61 -62 -66 -66 -67 -66 -65 -68 -66 -67 -65 -70 -67 -68 -67 -66 -69
-70 -64 -74 -68 -67 -69 -67 -72 -70 -66 -70 -68 -67 -72
-67 -63 -71 -64 -64 -73 -65 -66 -71 -67 -64 -67 -63 -64 -68 -75
-66 -71 -64 -73 -64 -75 -65 -67 -64 -68 -64 -70 -67 -64 -64 -66 -64 -64
-67 -67 -66 -70 -67 -70 -67 -74 -65 -70 -69 -69 -70 -74 -68 -67 -68 -70
-67 -62 -67 -71 -62 -69 -60 -66 -72 -67 -68 -63 -62 -64 -63
-63 -65 -65 -63 -64 -63 -70 -62 -70 -59 -63 -69 -65 -61 -68 -63
-66 -67 -71 -67 -65 -70 -63 -68 -64 -69 -67 -67 -65 -65 -65 -67 -64
-62 -61 -59 -64 -63 -66 -59 -64 -66 -60 -67 -60 -60 -63 -63 -63 -64
-66 -63 -64 -70 -64 -63 -63 -63 -64 -62 -62 -62 -63 -62
-65 -63 -64 -59 -63 -59 -61 -66 -65 -64 -66 -60 -67 -65 -65
-63 -64 -65 -64 -64 -66 -63 -65 -63 -66 -62 -64 -64 -65 -62 -65 -64
-67 -69 -68 -66 -65 -68 -63 -62 -63 -74 -69
-64 -66 -64 -66 -65 -64 -63 -65 -66 -66 -66 -65 -66 -67 -63 -67 -64
-73 -67 -79 -68 -70 -69 -76 -72 -69 -69 -68 -73 -82
-73 -70 -68 -68 -67 -77 -67 -76 -66 -67 -66 -72 -66 -72 -68 -69 -68 -67 -74
-66 -67 -66 -65 -69 -67 -70 -66 -67 -66 -67 -68 -68 -67 -65 -66 -65 -68
-79 -75 -69 -68 -66 -67 -67 -67 -66 -67 -66 -65 -76 -67 -74 -66
-68 -69 -68 -70 -72 -68 -71 -67 -73 -68 -71 -68 -71 -71 -67 -67
-70 -70 -68 -74 -73 -72 -72
-78 -70 -69 -69 -71 -74 -71
-70 -66 -69 -71 -73 -73 -72 -70 -66 -72 -67 -72 -67 -71 -67 -70 -71
-67 -69 -67 -70 -74 -67 -67 -67 -68 -67 -70 -69 -68 -65 -68
-67 -78 -67 -80 -74 -68 -75 -67 -77
-67 -73 -74 -67 -75 -79
-66 -71 -70 -67 -69 -65 -69 -66 -70 -71 -73
-75 -67 -73 -80 -68 -74 -68 -70
-68 -70 -67 -66 -66 -67 -68 -67 -68 -72 -69
-67 -67 -76 -64 -64 -69 -68 -66 -68 -68 -67 -69 -68 -66 -69 -65 -69
-69 -66 -61 -68 -65 -71 -69 -62 -69 -62 -61 -67 -66 -61 -70 -64
-64 -69 -65 -63 -64 -66 -70 -68 -64 -64 -68 -66 -65 -67
-62 -65 -67 -71 -67 -71 -67 -60 -68 -70 -69 -72 -62 -68
-68 -62 -61 -61 -66 -62 -63 -63 -64 -65 -68 -63 -64 -66 -64
-66 -66 -69 -62 -64 -63 -67 -62 -67 -71 -61 -63
-64 -65 -66 -65 -66 -64 -66 -65 -66 -67 -66 -66 -65 -67 -68 -67 -69 -67
-68 -69 -69 -68 -67 -68 -68 -70 -69 -69 -72 -69 -68
-68 -67 -72 -68 -68 -64 -67 -67 -68 -69 -68 -70 -69 -69
-66 -74 -67 -67 -73 -73 -73 -67 -67 -67 -74 -69
-68 -70 -69 -71 -74 -69 -67 -74 -67 -68 -67 -68
-68 -70 -71 -69 -68 -71 -67 -68 -72 -69 -67 -70 -67 -73 -70 -74 -72
-67 -72 -69 -68 -70 -67 -67 -69 -67 -71 -71
-69 -76 -67 -68 -68 -71 -73 -69 -66 -68 -72 -71
-66 -66 -68 -67 -68 -67 -68 -71 -67 -69 -68 -67 -67 -68 -67 -66 -67 -67 -68
-73 -65 -71 -71 -72 -74 -69 -74 -74 -67 -69 -74 -69 -74 -66 -67 -72 -68
-73 -68 -70 -68 -78 -67 -68 -70
-72 -65 -69 -76 -71 -68 -75 -70 -74 -71 -68 -70 -66 -71
-71 -74 -77 -67 -74 -68 -68 -73
-76 -77 -69 -73 -79 -73 -71 -74 -71 -74 -73
-70 -74 -77 -72 -75 -73
-67 -73 -68 -72 -68 -70 -67 -69 -76 -74 -78
-73 -76 -68 -80 -75 -75 -73 -76 -74 -79 -69
-79 -68 -81 -76 -75 -76 -72 -68 -67 -74 -67 -73 -67
-71 -78 -78 -75 -79 -74 -75 -73 -71 -74 -72 -76 -75
-80 -73 -75 -73 -80 -76 -70 -81 -72 -85 -85
-73 -70 -73 -74 -76 -72 -72 -74 -74 -69 -80 -72
-78 -74 -77 -76 -80
-75 -74 -81 -78 -78 -77 -77 -76
-75 -79 -77 -81 -78 -79
