-71 -76 -85 -84 -70 -73 -75 -75 -71 -68 -69 -71 -70 -67 -64 -63 -61 -60 -60 -60 -58 -58 -58 -59 -61 -60 -59 -57 -60 -57 -61 -62 -70 -70 -71 -72 -71 -64 -68 -68 -70 -70 -70 -73 -75 -77 -84 -82 -80 -84 -82 -79
-71 -72 -72 -73 -72 -72 -72 -72 -73 -75 -76 -83 -82 -79 -78 -78 -78 -76 -74 -73 -74 -79 -73 -72 -71 -79 -71 -71 -71 -70 -73 -73 -84 -79 -79 -86 -84 -87 -89 -86 -89 -87 -80 -76 -76 -86 -84 -78
-72 -73 -75 -78 -77 -76 -78 -76 -76 -79 -77 -70 -71 -73 -71 -68 -67 -67 -70 -69 -68 -69 -73 -71 -72 -71 -69 -68 -67 -67 -85 -85 -85 -92 -81 -85 -83 -84 -89 -81 -82 -81 -85 -84
-83 -87 -78 -82 -85 -78 -77 -78 -76 -81 -79 -76 -77 -76 -76 -76 -76 -71 -73 -72 -72 -73 -73 -75 -74 -76 -75 -76 -76 -76 -77 -78 -75 -75 -74 -75 -74
-82 -83 -82 -82 -82 -83 -82 -80 -82 -80 -79 -84 -81 -85 -77 -77 -79 -76 -76 -68 -68 -71 -70 -71 -70 -69 -68 -72 -73 -71 -74 -74 -76 -75 -74 -88 -78 -82 -89 -98 -91 -85 -89 -84 -82 -79 -78 -82 -79 -80 -80
-85 -84 -83 -81 -79 -79 -78 -80 -76 -79 -84 -87 -85 -84 -85 -84 -84 -84 -81 -86 -89 -88 -84 -87 -89 -83 -80 -81 -82 -83 -82 -81 -84 -81 -82 -89 -86 -87 -86 -83
-86 -85 -85 -86 -89 -86 -86 -90 -90 -89 -89 -89 -92 -88 -94 -92 -78 -82 -78 -75 -78 -79 -75 -78 -80 -79 -79 -76 -81 -77 -76 -75 -77 -92 -85 -84 -82 -83 -85 -83 -86 -87 -84 -86 -84 -85 -85
-84 -86 -93 -91 -91 -90 -90 -83 -82 -81 -77 -76 -77 -80 -83 -83 -76 -78 -76 -76 -77 -74 -76 -79 -76 -78 -78 -81 -88 -83 -86 -85 -85 -85 -86 -90 -87 -88 -89 -89 -87 -90 -90 -87 -88 -86
-89 -82 -81 -81 -84 -79 -83 -84 -83 -86 -88 -83 -81 -82 -77 -77 -80 -76 -79 -77 -77 -80 -77 -75 -80 -77 -78 -80 -78 -77 -80 -80 -78 -79 -85 -84 -86 -88 -86 -86 -85 -87 -85 -83 -84 -85
-86 -84 -89 -89 -90 -91 -89 -88 -91 -89 -89 -86 -87 -87 -87 -87 -86 -81 -81 -81 -80 -82 -85 -81 -83 -82 -84 -82 -83 -83 -83 -84 -85 -85 -81 -87 -87 -87 -88 -85 -87 -87 -90 -86
-92 -92 -92 -90 -87 -87 -87 -86 -86 -88 -85 -84 -84 -84 -84 -83 -84 -85 -86 -84 -84 -84 -84 -86 -86 -85 -86 -85 -84 -85 -87 -85 -85 -85 -84 -84 -90 -90 -90 -90 -90 -90 -90 -90 -90 -89 -90 -89 -90 -91 -90 -91 -93 -91 -90 -90
-89 -87 -85 -83 -82 -82 -83 -82 -83 -86 -89 -88 -89 -90 -90 -94 -92 -97 -86 -89 -95 -87 -89 -89 -94 -92 -91 -91 -86 -86 -87 -86 -87 -91 -93 -90 -90 -91 -96 -93 -92 -94 -89 -92 -94 -96
-96 -93 -90 -92 -91 -89 -88 -89 -88 -87 -89 -92 -90 -89 -88 -85 -87 -89 -87 -90 -90 -83 -86 -87 -86 -91 -93 -88 -87 -88 -97 -92 -99
-94 -93 -93 -92 -96 -94 -89 -88 -88 -91 -92 -92 -88 -89 -87 -90 -89 -91 -90 -93 -89 -88 -93 -90 -94 -91 -91 -94 -94 -91 -90 -88 -88 -88 -87 -86 -86 -85
-87 -87 -87 -88 -89 -94 -92 -97 -98 -93 -92 -92 -93 -91 -92 -91 -86 -92 -93 -87 -93
-92 -91 -94 -95 -98 -91 -87 -84 -84 -83 -83 -83 -85 -82 -81 -80 -81 -80 -80 -81 -82 -82 -81 -82 -96 -97 -92 -89 -92 -92 -93 -90 -90 -91 -91 -92 -89 -92 -96 -92
-86 -82 -84 -83 -82 -87 -84 -84 -83 -83 -86 -85 -84 -93 -87 -88 -87 -89 -86 -93 -93 -89 -86 -85 -83 -83 -84 -86 -93 -89 -90 -89 -90 -90 -90 -91 -92 -94 -93 -95 -92 -98 -92 -91 -92 -92 -93
-95 -90 -97 -93 -92 -93 -96 -89 -90 -88 -89 -87 -88 -85 -85 -85 -84 -84 -84 -83 -87 -84 -84 -85 -89 -85 -86 -97
-94 -93 -94 -88 -86 -84 -85 -86 -86 -88 -85 -83 -86 -84 -87 -87 -98 -95 -98 -94 -94 -97 -93 -94
