-38 -38 -39 -38 -35 -36 -36 -32 -36 -33
-52 -51 -52 -51 -57 -51 -52 -50 -52 -50 -50 -50 -51 -51 -49 -52
-56 -59 -56 -57 -56 -56 -57 -58 -60 -58 -59
-58 -59 -60 -61 -61 -62 -60 -61 -62 -59 -63 -59
-65 -63 -66 -65 -64 -66 -66 -66 -64 -66 -64 -65 -65
-70 -71 -68 -73 -70 -69 -68 -68 -67 -73 -67 -73
-67 -69 -67 -66 -67 -67 -71 -68 -68 -66 -68 -72 -68 -71 -67 -71
-66 -67 -67 -67 -69 -69 -69 -69 -68 -69 -67 -69 -67 -67
-68 -67 -69 -67 -68 -67 -66 -67 -67 -68 -68 -67 -67 -67
-67 -67 -69 -67 -69 -67 -69 -68 -68 -68 -68 -68 -67 -70 -67 -70
-66 -67 -68 -66 -67 -68 -68 -67 -68 -67 -69 -66 -67
-66 -68 -66 -69 -66 -69 -66 -69 -67 -69 -67 -67 -66
-73 -71 -74 -68 -73 -70 -72 -70 -71 -68
-70 -70 -71 -67 -71 -68 -67 -68 -67 -68 -70 -68 -70
-75 -76 -75 -72 -74 -75 -72 -77 -72 -73 -78
-72 -70 -71 -70 -70 -70 -70 -72 -71 -70 -70 -72 -72 -73 -70 -73
-71 -71 -73 -72 -74 -72 -72 -72 -72 -73 -72 -73 -73
-75 -75 -76 -78 -77 -78 -79 -74 -77 -74 -76 -74 -76 -79
-77 -75 -81 -75 -80 -75 -75 -75 -74 -79 -77 -73
-76 -74 -75 -76 -75 -75 -76 -74 -76 -74 -77 -74 -75 -74 -75 -77
-78 -75 -80 -77 -83 -77 -84 -77 -82 -75 -78 -77 -78
-79 -77 -79 -75 -76 -76 -77 -76 -77 -78 -76 -78 -78 -78 -80 -75 -79
-77 -81 -77 -81 -77 -78 -79 -79 -80 -79 -75 -78 -75
-80 -78 -80 -75 -79 -76 -75 -77 -81 -76 -80 -82 -78 -81
-82 -78 -78 -79 -81 -79 -86 -79 -84 -79 -80 -79
-81 -80 -78 -82 -80 -81 -80 -81 -78 -78 -78 -77
-80 -77 -79 -88 -84 -80 -83 -79 -80 -79
-83 -81 -79 -79 -80 -80 -80 -81
-77 -77 -77 -78 -79 -78 -80 -79 -77 -80 -77 -77 -78
-85 -81 -87 -86 -84 -85 -78 -85 -78 -83
-78 -79 -78 -79 -79 -80 -79 -83 -77 -84 -79 -80 -82 -80
-84 -83 -82 -83 -88 -88 -82 -86 -81 -82 -83 -83 -82
-82 -79 -79 -79 -78 -79 -78 -79 -79 -82 -79 -80 -79
-82 -83 -81 -86 -82 -84 -82 -85 -82
-80 -83 -82 -83 -80 -80 -80 -81 -83 -82
-83 -81 -83 -80 -83 -81 -83 -82 -82 -81 -80 -82
-78 -80 -82 -82 -82 -81 -80 -82 -81 -83 -85 -80
-83 -81 -84 -82 -83 -83 -84 -84 -84 -84 -79 -83 -80 -83 -80
-86 -81 -84 -79 -80 -83 -80 -84 -82 -83 -83
-83 -87 -86 -87 -86 -85 -86
-88 -85 -84 -83 -84 -84 -88 -84 -85
-84 -87 -84 -84 -84 -85 -85 -85 -86
-92 -85 -90 -84 -85 -89 -86 -88
-86 -89 -89 -88 -89 -87 -86 -90 -85 -88 -85
-84 -87 -86 -84 -88 -87 -89 -87 -87 -86 -86
-84 -84 -85 -86 -86 -85 -86 -86
-86 -84 -85 -87 -86 -86 -86 -91 -90 -90
-86 -87 -83 -88 -86 -83 -86 -88 -87 -88 -86
-86 -86 -87 -87 -86 -86 -89
-88 -86 -90 -86
-84 -90 -86 -90 -86
