-68 -65 -66 -65 -71 -75 -71 -59 -63 -60 -60 -64 -58 -59 -56 -58 -67 -67 -68 -72 -73 -75 -72 -72 -70 -72 -73
-68 -77 -71 -70 -73 -72 -72 -79 -68 -67 -72 -72 -74 -71 -69 -69 -72 -70 -69 -71 -69 -71 -76 -69 -72 -69 -72 -68 -68 -71 -74 -71 -71
-73 -68 -68 -69 -73 -73 -73 -71 -73 -70 -71 -71 -67 -68 -66 -70 -72 -72 -73 -76 -77 -74 -67 -79 -70 -70 -70
-69 -71 -73 -69 -71 -70 -72 -70 -70 -70 -69 -65 -62 -64 -66 -69 -72 -70 -69 -70 -70 -71 -68 -69 -79 -79 -79
-78 -75 -75 -77 -86 -87 -80 -80 -79 -77 -76 -76 -73 -77 -77 -79 -77 -77 -77 -78 -83 -82 -75 -84 -86 -84 -82 -84 -86 -77 -85 -84 -84
-91 -85 -85 -85 -85 -82 -85 -82 -85 -85 -84 -87 -85 -90 -89 -87 -87 -87 -90 -88 -90 -87 -89 -91 -88 -87 -88 -89 -80
-86 -84 -82 -79 -80 -80 -82 -79 -81 -83 -82 -83 -84 -81 -77 -83 -83 -84 -83 -79 -79 -85 -87
-95 -94 -85 -88 -87 -85 -86 -83 -82 -82 -79 -83 -90 -87 -89 -87 -87 -88 -88 -87 -88 -87 -88
-95 -92 -91 -95 -98 -93 -96 -96 -91 -94 -92 -96
-89 -92 -89 -91 -89 -90 -88 -87 -91 -79 -90 -88 -89 -87 -87 -84 -79 -86 -89 -89 -83 -88 -84 -82 -86 -87 -86 -86 -86 -86 -85 -85 -82 -85 -86 -85 -86
-85 -86 -86 -87 -81 -77 -82 -80 -82 -81 -80 -82 -80 -80 -81 -84 -82 -83 -82 -82 -83 -82 -82 -82 -89 -91 -92 -90 -90 -88 -87 -88 -89 -88 -88 -89 -89 -88 -89 -88 -87 -86 -87 -88 -87
-88 -86 -86 -85 -86 -85 -86 -87 -88 -84 -88 -89 -89 -90 -90 -90 -90 -90 -85 -85 -83 -83 -84 -84 -84 -85 -76 -84 -86 -84 -86 -85 -84 -84 -81 -82 -86 -81
-94 -97 -98 -96 -92 -94 -94 -95 -92 -89 -89 -88 -84 -87 -85 -87 -89 -91 -90 -88 -85 -91 -86 -74 -89 -86 -86 -87 -86 -87 -85
-93 -92 -91 -88 -82 -83 -86 -86 -85 -88 -88 -83 -82 -78 -88 -87 -86 -84 -77 -83 -82 -79 -92 -94 -90 -82 -83 -82 -83 -83 -84 -84 -86 -87 -86 -86 -86 -87 -85 -82 -88
-88 -84 -84 -86 -88 -81 -80 -82 -80 -80 -80 -82 -80 -82 -80 -81 -80 -79 -81 -82 -86 -82 -84 -84 -83 -85 -85 -83 -86 -85 -85 -86 -85 -84 -85 -82 -84 -85 -85 -84 -84
-93 -92 -94 -92 -97 -87 -91 -92 -93 -94 -96 -79 -80 -80 -80 -79 -80 -81 -81 -84 -84 -86 -85 -85 -84 -80 -84 -83 -83 -83 -85 -85 -86 -84 -86 -82 -84 -85 -86 -82 -85 -85 -86 -85 -85 -85 -84 -85 -83
-89 -85 -87 -88 -88 -86 -86 -86 -86 -79 -85 -84 -86 -85 -86 -85 -87 -85 -85 -77 -77 -79 -78 -78 -77 -78 -77 -74 -78 -78 -79 -78 -78 -78 -81 -78 -78 -78 -84 -85 -85 -84 -82 -83 -83 -83 -83 -83 -84 -85 -83 -83
-89 -90 -87 -87 -87 -86 -87 -88 -89 -85 -84 -88 -84 -87 -79 -83 -86 -87 -87 -92 -85 -83 -94 -80 -84 -85 -83 -91 -83 -86 -85 -84
-83 -82 -82 -85 -83 -82 -81 -86 -82 -82 -83 -83 -82 -83 -80 -79 -85 -82 -82 -82 -84 -81 -82 -82 -81 -81 -78 -79 -79 -82 -80 -78 -78 -83 -84 -85 -86 -83 -82 -83 -83 -83 -85 -85 -85 -86 -85 -86 -86 -85 -82
-87 -86 -86 -86 -84 -79 -86 -84 -83 -85 -82 -82 -83 -84 -85 -84 -84 -84 -82 -83 -84 -82 -85 -82 -86 -85 -82 -82 -82 -82 -83 -83 -83 -83 -83 -90 -87 -89 -89 -87 -89 -89 -88 -89 -91 -90
-86 -85 -84 -85 -86 -86 -85 -85 -86 -86 -80 -79 -81 -86 -83 -86 -86 -89 -86 -83 -82 -82 -85 -83 -84 -83 -82 -83 -83 -81 -82 -85 -83 -83 -83 -82 -83 -82 -91 -91 -88 -86 -91
-85 -92 -92 -94 -91 -91 -91 -84 -85 -87 -85 -86 -88 -86 -79 -87 -87 -86 -87 -86 -87 -88 -88 -94 -91 -92 -92 -92 -91 -91 -91 -91 -91 -90 -92 -92 -91 -92 -89 -91 -92
-96 -92 -92 -94 -93 -92 -92 -90 -96 -92 -88 -88 -90 -92 -94 -91 -90 -91 -89 -89 -90 -89 -89 -88 -89 -88 -88 -89 -88 -88 -82 -87 -88 -87 -89 -87 -84 -88 -87 -88 -88 -88
-93 -95 -93 -94 -93 -94 -89 -95 -93 -93 -92 -92 -92 -94 -91 -88 -89 -89 -92 -87 -86 -88 -82 -88 -89 -90 -92 -89 -88 -87 -88 -90 -88 -89 -88 -88 -89 -91 -89 -88 -90 -88 -89 -89 -88 -88 -89 -88 -88 -87 -88 -88
-96 -89 -92 -97 -85 -93 -93 -89 -89 -90 -86 -84 -81 -80 -82 -80 -82 -83 -84 -84 -84 -84 -86 -83 -84 -83 -87 -87 -90 -88 -90 -89 -89 -89 -90 -90 -88 -88 -88 -90 -89 -91 -90
-84 -89 -90 -92 -92 -90 -90 -90 -88 -89 -88 -87 -86 -88 -86 -87 -94 -85 -82 -82 -83 -83 -83 -83 -84 -86 -83 -84 -84 -86 -83 -83 -84 -83 -84 -90
-88 -88 -87 -90 -87 -86 -84 -84 -84 -87 -87 -85 -84 -89 -83 -85 -88 -85 -84 -84 -85 -87 -85 -85 -93 -90 -92 -90 -90 -92 -94 -92 -94 -93 -94 -93 -94 -95 -92 -93
-90 -87 -85 -90 -88 -88 -88 -86 -82 -81 -82 -78 -79 -78 -77 -79 -81 -84 -83 -84 -91 -86 -87 -86 -87 -86 -84
-100 -95 -96 -93 -94 -92 -93 -92 -91 -93 -97 -92 -98
-93 -95 -94 -96 -95 -93 -94 -94 -94 -93 -92 -90 -92 -92 -92 -90 -90 -91 -90 -91 -90 -91 -91 -90 -99
-91 -91 -92 -94 -96 -93 -94 -95 -95 -91 -97 -96 -99 -96 -96 -95
-90 -91 -87 -85 -89 -90 -89 -84 -91 -91 -91 -91 -89 -86 -94 -92 -84 -84 -82 -86 -85 -84 -85 -84 -81 -84 -84 -83 -85 -85 -84 -87 -86 -86 -86
-93 -92 -93 -94 -96 -95 -91 -92 -91 -89 -90 -92 -93 -93 -92 -94 -94 -93
-97 -90 -93 -96 -95
-90 -93 -93 -91 -97 -92 -95 -95 -89 -90 -90 -101 -92 -95
-94 -98 -99 -96 -97 -95 -96 -94 -97 -93 -89 -96 -94 -95 -95 -94 -92 -100
-86 -86 -86 -86 -87 -85 -88 -87 -91 -89 -88 -88 -91 -90 -95 -89 -86 -83 -85 -88 -84 -84 -84 -84 -84 -85 -85 -84 -84 -84 -86 -86 -87 -91 -90 -88 -89 -89 -88 -87 -90 -88 -90 -88 -88 -89 -89 -92 -90 -90
-88 -87 -88 -85 -87 -87 -88 -87 -89 -88 -87 -89 -87 -90 -89 -87 -88 -87 -84 -86 -84 -85 -85 -85 -86 -85 -87 -86 -86 -87 -85 -86 -84 -86 -87 -87 -94 -97 -97 -95 -93 -92 -94 -94 -95 -95 -97 -97 -94 -98
-91 -95 -89 -90 -91 -90 -91 -90 -93 -93 -99 -91 -88 -94 -91 -89 -90 -87 -87 -86 -92 -92 -95
-91 -94 -94 -94 -95 -90 -91 -91 -92 -89 -90 -96
-92 -94 -92 -92 -91 -95 -91 -94 -96 -95
-94 -98 -97 -95 -96 -95 -96 -99
-91 -91 -95 -96 -93 -94 -94 -94 -94 -95 -95 -94 -95 -97 -96 -94 -91 -95 -90 -90 -90 -94 -91 -92 -92 -96 -96 -93 -94 -98
-93 -93 -93 -93 -97 -93 -96 -95 -92 -91 -92 -92 -92 -94 -90 -95 -97 -94 -97 -97 -100 -94 -93 -97 -96 -95
-93 -93 -95 -98 -94 -96
-95 -97 -94 -94 -91
-97 -97 -95 -94 -92 -90 -88 -90 -91 -93
-93 -95 -93 -94 -94 -94 -96 -97 -94 -93 -95 -88 -91 -89 -96 -92 -92 -89 -90 -94 -94 -94 -93 -91 -95 -94 -92
-92 -96 -96 -94 -90 -87 -85 -87 -88 -86 -85 -86 -88 -89 -87 -89 -89 -88 -89 -87 -88 -90 -85 -86 -93 -92 -92 -92 -91 -92 -91 -90
-88 -91 -95 -90 -94 -89 -91 -87 -92 -89 -88 -86 -88 -90 -87 -89 -88 -87 -87 -86 -90 -91 -93 -91 -92 -92 -95 -94 -91 -93 -93 -93 -92 -92 -90 -89 -92 -97
-94 -93 -92 -90 -88 -91 -88 -87 -85 -85 -85 -82 -84 -87 -85 -86 -87 -85 -85 -84 -85 -84 -84 -83 -86 -85 -91 -88 -94 -91 -90 -90 -91 -90 -90 -92 -91 -93 -89 -90 -91
-87 -85 -86 -91 -91 -95 -95 -94 -92 -91 -93 -92 -90 -92 -92 -91 -94 -95 -92 -94
