39.97748562282986 116.49537055121527 27.0 6.067999839782715 1021.62 21.99 69.43883137235738 20180319 140936
39.97748562282986 116.49537055121527 27.0 6.067999839782715 1021.62 21.81 69.43883137235738 20180319 140937
39.97748589409722 116.49535915798612 27.0 4.550999641418457 1021.63 21.67 69.52151697318118 20180319 140938
39.97748589409722 116.49535915798612 27.0 4.550999641418457 1021.61 21.57 69.35614511615961 20180319 140939
39.9774867078993 116.49533338758681 27.0 4.550999641418457 1021.63 21.50 69.52151697318118 20180319 140940
39.9774867078993 116.49533338758681 27.0 4.550999641418457 1021.61 21.44 69.35614511615961 20180319 140941
39.97749348958333 116.49530219184028 27.0 4.550999641418457 1021.64 21.40 69.60420191865067 20180319 140942
39.97749348958333 116.49530219184028 27.0 4.550999641418457 1021.63 21.37 69.52151697318118 20180319 140943
39.977504611545136 116.49527262369791 27.0 4.550999641418457 1021.63 21.35 69.52151697318118 20180319 140944
39.977504611545136 116.49527262369791 27.0 4.550999641418457 1021.62 21.33 69.43883137235738 20180319 140945
39.977513292100696 116.49525092230903 27.0 4.550999641418457 1021.64 21.32 69.60420191865067 20180319 140946
39.977513292100696 116.49525092230903 27.0 4.550999641418457 1021.66 21.32 69.76956984352681 20180319 140947
39.97751817491319 116.49522867838542 26.0 4.550999641418457 1021.64 21.31 69.60420191865067 20180319 140948
39.97751817491319 116.49522867838542 26.0 4.550999641418457 1021.64 21.31 69.60420191865067 20180319 140949
39.977520345052085 116.49520806206597 27.0 4.550999641418457 1021.67 21.32 69.85225282296297 20180319 140950
39.977520345052085 116.49520806206597 27.0 4.550999641418457 1021.66 21.32 69.76956984352681 20180319 140951
39.97752197265625 116.49518744574652 27.0 4.550999641418457 1021.65 21.33 69.68688620875605 20180319 140952
39.97752197265625 116.49518744574652 27.0 4.550999641418457 1021.67 21.34 69.85225282296297 20180319 140953
39.97752360026042 116.49516845703126 26.0 4.550999641418457 1021.65 21.35 69.68688620875605 20180319 140954
39.97752360026042 116.49516845703126 26.0 4.550999641418457 1021.69 21.36 70.01761681590038 20180319 140955
39.97752522786458 116.49514756944444 25.0 4.550999641418457 1021.67 21.37 69.85225282296297 20180319 140956
39.97752522786458 116.49514756944444 25.0 4.550999641418457 1021.68 21.38 69.93493514708422 20180319 140957
39.977526041666664 116.49512668185764 25.0 4.550999641418457 1021.65 21.39 69.68688620875605 20180319 140958
39.977526041666664 116.49512668185764 25.0 4.550999641418457 1021.67 21.39 69.85225282296297 20180319 140959
39.977526041666664 116.49510715060764 25.0 4.550999641418457 1021.67 21.39 69.85225282296297 20180319 141000
39.977526041666664 116.49510715060764 25.0 4.550999641418457 1021.66 21.39 69.76956984352681 20180319 141001
39.97752712673611 116.49509168836805 25.0 4.550999641418457 1021.67 21.39 69.85225282296297 20180319 141002
39.97752712673611 116.49509168836805 25.0 4.550999641418457 1021.67 21.38 69.85225282296297 20180319 141003
39.97752685546875 116.49507839626736 25.0 4.550999641418457 1021.66 21.38 69.76956984352681 20180319 141004
39.97752685546875 116.49507839626736 25.0 4.550999641418457 1021.67 21.39 69.85225282296297 20180319 141005
39.97752495659722 116.49506022135417 25.0 4.550999641418457 1021.67 21.38 69.85225282296297 20180319 141006
39.97752495659722 116.49506022135417 25.0 4.550999641418457 1021.66 21.38 69.76956984352681 20180319 141007
39.97752468532986 116.49504150390625 26.0 4.550999641418457 1021.67 21.38 69.85225282296297 20180319 141008
39.97752468532986 116.49504150390625 26.0 4.550999641418457 1021.67 21.38 69.85225282296297 20180319 141009
39.9775244140625 116.49502278645834 26.0 4.550999641418457 1021.66 21.38 69.76956984352681 20180319 141010
39.9775244140625 116.49502278645834 26.0 4.550999641418457 1021.65 21.38 69.68688620875605 20180319 141011
39.97752414279514 116.4950048828125 26.0 4.550999641418457 1021.65 21.38 69.68688620875605 20180319 141012
39.97752414279514 116.4950048828125 26.0 4.550999641418457 1021.65 21.38 69.68688620875605 20180319 141013
39.97752468532986 116.4949978298611 26.0 4.550999641418457 1021.68 21.37 69.93493514708422 20180319 141014
39.97752468532986 116.4949978298611 26.0 4.550999641418457 1021.67 21.37 69.85225282296297 20180319 141015
39.97752685546875 116.49499620225694 26.0 4.550999641418457 1021.67 21.36 69.85225282296297 20180319 141016
39.97752685546875 116.49499620225694 26.0 4.550999641418457 1021.67 21.36 69.85225282296297 20180319 141017
39.97753011067709 116.49498291015625 25.0 4.550999641418457 1021.67 21.36 69.85225282296297 20180319 141018
39.97753011067709 116.49498291015625 25.0 4.550999641418457 1021.67 21.37 69.85225282296297 20180319 141019
39.97752983940972 116.49496392144097 25.0 4.550999641418457 1021.67 21.37 69.85225282296297 20180319 141020
39.97752983940972 116.49496392144097 25.0 4.550999641418457 1021.69 21.37 70.01761681590038 20180319 141021
39.97752956814236 116.49494791666666 24.0 4.550999641418457 1021.68 21.38 69.93493514708422 20180319 141022
39.97752956814236 116.49494791666666 24.0 4.550999641418457 1021.66 21.39 69.76956984352681 20180319 141023
39.97752875434028 116.49493082682292 24.0 4.550999641418457 1021.67 21.39 69.85225282296297 20180319 141024
39.97752875434028 116.49493082682292 24.0 4.550999641418457 1021.66 21.40 69.76956984352681 20180319 141025
39.97752658420139 116.49490939670139 25.0 4.550999641418457 1021.67 21.41 69.85225282296297 20180319 141026
39.97752658420139 116.49490939670139 25.0 4.550999641418457 1021.63 21.42 69.52151697318118 20180319 141027
39.9775244140625 116.49488850911459 25.0 4.550999641418457 1021.65 21.43 69.68688620875605 20180319 141028
39.9775244140625 116.49488850911459 25.0 4.550999641418457 1021.64 21.44 69.60420191865067 20180319 141029
39.97752251519097 116.49486897786458 25.0 4.550999641418457 1021.62 21.44 69.43883137235738 20180319 141030
39.97752251519097 116.49486897786458 25.0 4.550999641418457 1021.64 21.45 69.60420191865067 20180319 141031
39.977520345052085 116.49485026041667 25.0 4.550999641418457 1021.62 21.44 69.43883137235738 20180319 141032
39.977520345052085 116.49485026041667 25.0 4.550999641418457 1021.63 21.44 69.52151697318118 20180319 141033
39.97751790364583 116.494833984375 25.0 4.550999641418457 1021.63 21.44 69.52151697318118 20180319 141034
39.97751790364583 116.494833984375 25.0 4.550999641418457 1021.63 21.43 69.52151697318118 20180319 141035
39.97751790364583 116.49481499565972 25.0 4.550999641418457 1021.65 21.43 69.68688620875605 20180319 141036
39.97751790364583 116.49481499565972 25.0 4.550999641418457 1021.64 21.42 69.60420191865067 20180319 141037
39.97751736111111 116.49479573567709 25.0 4.550999641418457 1021.65 21.42 69.68688620875605 20180319 141038
39.97751736111111 116.49479573567709 25.0 4.550999641418457 1021.65 21.42 69.68688620875605 20180319 141039
39.97751736111111 116.49477349175348 25.0 4.550999641418457 1021.65 21.41 69.68688620875605 20180319 141040
39.97751736111111 116.49477349175348 25.0 4.550999641418457 1021.64 21.41 69.60420191865067 20180319 141041
39.97751437717014 116.49474880642362 25.0 4.550999641418457 1021.64 21.40 69.60420191865067 20180319 141042
39.97751437717014 116.49474880642362 25.0 4.550999641418457 1021.65 21.40 69.68688620875605 20180319 141043
39.977504340277775 116.49472574869792 25.0 4.550999641418457 1021.65 21.38 69.68688620875605 20180319 141044
39.977504340277775 116.49472574869792 25.0 4.550999641418457 1021.67 21.37 69.85225282296297 20180319 141045
39.977490776909725 116.49470838758681 24.0 4.550999641418457 1021.66 21.36 69.76956984352681 20180319 141046
39.977490776909725 116.49470838758681 24.0 4.550999641418457 1021.63 21.35 69.52151697318118 20180319 141047
39.977474772135416 116.49469428168403 24.0 4.550999641418457 1021.67 21.34 69.85225282296297 20180319 141048
39.977474772135416 116.49469428168403 24.0 4.550999641418457 1021.66 21.32 69.76956984352681 20180319 141049
39.97745686848958 116.49468641493056 23.0 4.550999641418457 1021.65 21.31 69.68688620875605 20180319 141050
39.97745686848958 116.49468641493056 23.0 4.550999641418457 1021.65 21.29 69.68688620875605 20180319 141051
39.97743787977431 116.49468451605902 23.0 4.550999641418457 1021.66 21.29 69.76956984352681 20180319 141052
39.97743787977431 116.49468451605902 23.0 4.550999641418457 1021.66 21.28 69.76956984352681 20180319 141053
39.97741861979166 116.49468587239583 23.0 4.550999641418457 1021.66 21.28 69.76956984352681 20180319 141054
39.97741861979166 116.49468587239583 23.0 4.550999641418457 1021.67 21.28 69.85225282296297 20180319 141055
39.97740125868056 116.49469211154513 23.0 4.550999641418457 1021.66 21.29 69.76956984352681 20180319 141056
39.97740125868056 116.49469211154513 23.0 4.550999641418457 1021.65 21.29 69.68688620875605 20180319 141057
39.97738498263889 116.49469428168403 23.0 4.550999641418457 1021.66 21.30 69.76956984352681 20180319 141058
39.97738498263889 116.49469428168403 23.0 4.550999641418457 1021.67 21.32 69.85225282296297 20180319 141059
39.977367621527776 116.49469699435764 23.0 4.550999641418457 1021.64 21.33 69.60420191865067 20180319 141100
39.977367621527776 116.49469699435764 23.0 4.550999641418457 1021.65 21.35 69.68688620875605 20180319 141101
39.97734917534722 116.494697265625 23.0 4.550999641418457 1021.68 21.36 69.93493514708422 20180319 141102
39.97734917534722 116.494697265625 23.0 4.550999641418457 1021.67 21.38 69.85225282296297 20180319 141103
39.977330457899306 116.49469536675348 24.0 4.550999641418457 1021.67 21.40 69.85225282296297 20180319 141104
39.977330457899306 116.49469536675348 24.0 4.550999641418457 1021.67 21.41 69.85225282296297 20180319 141105
39.977314724392365 116.49469509548611 24.0 4.550999641418457 1021.67 21.43 69.85225282296297 20180319 141106
39.977314724392365 116.49469509548611 24.0 4.550999641418457 1021.68 21.45 69.93493514708422 20180319 141107
39.977298448350695 116.49469509548611 25.0 4.550999641418457 1021.64 21.46 69.60420191865067 20180319 141108
39.977298448350695 116.49469509548611 25.0 4.550999641418457 1021.67 21.47 69.85225282296297 20180319 141109
39.97728244357639 116.49469645182292 25.0 4.550999641418457 1021.67 21.48 69.85225282296297 20180319 141110
39.97728244357639 116.49469645182292 25.0 4.550999641418457 1021.69 21.49 70.01761681590038 20180319 141111
39.97726508246528 116.49470784505208 25.0 4.550999641418457 1021.68 21.49 69.93493514708422 20180319 141112
39.97726508246528 116.49470784505208 25.0 4.550999641418457 1021.67 21.50 69.85225282296297 20180319 141113
39.97725070529514 116.49471354166667 25.0 4.550999641418457 1021.68 21.50 69.93493514708422 20180319 141114
39.97725070529514 116.49471354166667 25.0 4.550999641418457 1021.68 21.51 69.93493514708422 20180319 141115
39.97723849826389 116.49470621744791 24.0 4.550999641418457 1021.66 21.51 69.76956984352681 20180319 141116
39.97723849826389 116.49470621744791 24.0 4.550999641418457 1021.65 21.52 69.68688620875605 20180319 141117
39.977222493489585 116.49469346788194 24.0 4.550999641418457 1021.67 21.53 69.85225282296297 20180319 141118
39.977222493489585 116.49469346788194 24.0 4.550999641418457 1021.65 21.53 69.68688620875605 20180319 141119
39.97720133463542 116.49468234592014 24.0 4.550999641418457 1021.63 21.54 69.52151697318118 20180319 141120
39.97720133463542 116.49468234592014 24.0 4.550999641418457 1021.65 21.54 69.68688620875605 20180319 141121
39.97718071831597 116.49467854817708 24.0 4.550999641418457 1021.64 21.55 69.60420191865067 20180319 141122
39.97718071831597 116.49467854817708 24.0 4.550999641418457 1021.65 21.56 69.68688620875605 20180319 141123
39.97716389973959 116.49467610677084 23.0 4.550999641418457 1021.63 21.57 69.52151697318118 20180319 141124
39.97716389973959 116.49467610677084 23.0 4.550999641418457 1021.64 21.58 69.60420191865067 20180319 141125
39.97714762369792 116.49466634114583 23.0 4.550999641418457 1021.61 21.58 69.35614511615961 20180319 141126
39.97714762369792 116.49466634114583 23.0 4.550999641418457 1021.6 21.59 69.27345820456817 20180319 141127
39.977129991319444 116.49465576171875 23.0 4.550999641418457 1021.6 21.59 69.27345820456817 20180319 141128
39.977129991319444 116.49465576171875 23.0 4.550999641418457 1021.6 21.59 69.27345820456817 20180319 141129
39.977115614149305 116.49465033637152 23.0 4.550999641418457 1021.59 21.59 69.19077063758307 20180319 141130
39.977115614149305 116.49465033637152 23.0 4.550999641418457 1021.6 21.59 69.27345820456817 20180319 141131
39.977099066840275 116.4946497938368 23.0 4.550999641418457 1021.61 21.58 69.35614511615961 20180319 141132
39.977099066840275 116.4946497938368 23.0 4.550999641418457 1021.61 21.56 69.35614511615961 20180319 141133
39.977085232204864 116.49464816623264 24.0 4.550999641418457 1021.6 21.55 69.27345820456817 20180319 141134
39.977085232204864 116.49464816623264 24.0 4.550999641418457 1021.59 21.54 69.19077063758307 20180319 141135
39.977071126302086 116.49464382595487 24.0 4.550999641418457 1021.61 21.52 69.35614511615961 20180319 141136
39.977071126302086 116.49464382595487 24.0 4.550999641418457 1021.61 21.50 69.35614511615961 20180319 141137
39.97706515842014 116.49463948567708 23.0 6.067999839782715 1021.6 21.49 69.27345820456817 20180319 141138
39.97706515842014 116.49463948567708 23.0 6.067999839782715 1021.6 21.47 69.27345820456817 20180319 141139
39.977056206597226 116.49463840060764 23.0 6.067999839782715 1021.57 21.46 69.02539353736299 20180319 141140
39.977056206597226 116.49463840060764 23.0 6.067999839782715 1021.6 21.45 69.27345820456817 20180319 141141
39.97704318576389 116.49463650173611 23.0 6.067999839782715 1021.6 21.43 69.27345820456817 20180319 141142
39.97704318576389 116.49463650173611 23.0 6.067999839782715 1021.59 21.42 69.19077063758307 20180319 141143
39.97702853732639 116.49463460286458 23.0 6.067999839782715 1021.58 21.41 69.10808241517478 20180319 141144
39.97702853732639 116.49463460286458 23.0 6.067999839782715 1021.6 21.40 69.27345820456817 20180319 141145
39.97701985677083 116.4946324327257 25.0 6.067999839782715 1021.59 21.38 69.19077063758307 20180319 141146
39.97701985677083 116.4946324327257 25.0 6.067999839782715 1021.59 21.37 69.19077063758307 20180319 141147
39.97701388888889 116.49462646484375 24.0 6.067999839782715 1021.61 21.35 69.35614511615961 20180319 141148
39.97701388888889 116.49462646484375 24.0 6.067999839782715 1021.58 21.34 69.10808241517478 20180319 141149
39.977007921006944 116.49461588541666 25.0 6.067999839782715 1021.57 21.32 69.02539353736299 20180319 141150
39.977007921006944 116.49461588541666 25.0 6.067999839782715 1021.55 21.31 68.86001381540089 20180319 141151
39.97701253255208 116.49458984375 24.0 6.067999839782715 1021.56 21.30 68.94270400409846 20180319 141152
39.97701253255208 116.49458984375 24.0 6.067999839782715 1021.53 21.29 68.69463147161805 20180319 141153
39.97701361762153 116.49457356770833 24.0 9.101999282836914 1021.54 21.28 68.77732297124076 20180319 141154
39.97701361762153 116.49457356770833 24.0 9.101999282836914 1021.52 21.27 68.61193931650325 20180319 141155
39.977009819878475 116.49457356770833 25.0 10.618999481201172 1021.53 21.27 68.69463147161805 20180319 141156
39.977009819878475 116.49457356770833 25.0 10.618999481201172 1021.54 21.26 68.77732297124076 20180319 141157
39.9770068359375 116.49458794487848 27.0 10.618999481201172 1021.53 21.25 68.69463147161805 20180319 141158
39.9770068359375 116.49458794487848 27.0 10.618999481201172 1021.55 21.24 68.86001381540089 20180319 141159
39.97700629340278 116.49459364149305 28.0 9.101999282836914 1021.54 21.23 68.77732297124076 20180319 141200
39.97700629340278 116.49459364149305 28.0 9.101999282836914 1021.56 21.22 68.94270400409846 20180319 141201
39.977009819878475 116.49459092881945 28.0 9.101999282836914 1021.52 21.21 68.61193931650325 20180319 141202
39.977009819878475 116.49459092881945 28.0 9.101999282836914 1021.54 21.20 68.77732297124076 20180319 141203
39.977009006076386 116.49459092881945 29.0 10.618999481201172 1021.54 21.19 68.77732297124076 20180319 141204
39.977009006076386 116.49459092881945 29.0 10.618999481201172 1021.53 21.18 68.69463147161805 20180319 141205
39.977009006076386 116.49459092881945 29.0 12.13599967956543 1021.56 21.17 68.94270400409846 20180319 141206
39.977009006076386 116.49459092881945 29.0 12.13599967956543 1021.55 21.16 68.86001381540089 20180319 141207
39.97700927734375 116.49459065755208 29.0 18.203998565673828 1021.57 21.15 69.02539353736299 20180319 141208
39.97700927734375 116.49459065755208 29.0 18.203998565673828 1021.56 21.13 68.94270400409846 20180319 141209
39.977009006076386 116.49459092881945 28.0 25.788999557495117 1021.59 21.12 69.19077063758307 20180319 141210
39.977009006076386 116.49459092881945 28.0 25.788999557495117 1021.59 21.11 69.19077063758307 20180319 141211
39.977009006076386 116.49459092881945 28.0 25.788999557495117 1021.56 21.10 68.94270400409846 20180319 141212
39.977009006076386 116.49459092881945 28.0 25.788999557495117 1021.58 21.09 69.10808241517478 20180319 141213
39.977009006076386 116.4945912000868 28.0 50.060997009277344 1021.57 21.08 69.02539353736299 20180319 141214
39.977009006076386 116.4945912000868 28.0 50.060997009277344 1021.59 21.07 69.19077063758307 20180319 141215
39.977009006076386 116.4945912000868 29.0 65.23099517822266 1021.57 21.06 69.02539353736299 20180319 141216
39.977009006076386 116.4945912000868 29.0 65.23099517822266 1021.59 21.05 69.19077063758307 20180319 141217
39.977009006076386 116.4945912000868 29.0 65.23099517822266 1021.58 21.04 69.10808241517478 20180319 141218
39.977009006076386 116.4945912000868 29.0 65.23099517822266 1021.59 21.03 69.19077063758307 20180319 141219
39.977008734809026 116.4945912000868 28.0 104.6729965209961 1021.58 21.02 69.10808241517478 20180319 141220
39.977008734809026 116.4945912000868 28.0 104.6729965209961 1021.57 21.01 69.02539353736299 20180319 141221
39.977008734809026 116.4945912000868 28.0 141.08099365234375 1021.56 21.00 68.94270400409846 20180319 141222
39.977008734809026 116.4945912000868 28.0 141.08099365234375 1021.57 20.99 69.02539353736299 20180319 141223
39.977008734809026 116.4945912000868 28.0 141.08099365234375 1021.54 20.98 68.77732297124076 20180319 141224
39.977008734809026 116.4945912000868 28.0 141.08099365234375 1021.53 20.97 68.69463147161805 20180319 141225
39.977008734809026 116.4945912000868 28.0 248.78799438476562 1021.54 20.96 68.77732297124076 20180319 141226
39.977008734809026 116.4945912000868 28.0 248.78799438476562 1021.52 20.94 68.61193931650325 20180319 141227
39.97685736762153 116.49460991753472 28.0 326.1549987792969 1021.51 20.93 68.5292465059062 20180319 141228
39.97685736762153 116.49460991753472 28.0 326.1549987792969 1021.52 20.92 68.61193931650325 20180319 141229
39.97685736762153 116.49460991753472 28.0 326.1549987792969 1021.51 20.91 68.5292465059062 20180319 141230
39.97685736762153 116.49460991753472 28.0 326.1549987792969 1021.51 20.90 68.5292465059062 20180319 141231
39.97685736762153 116.49460991753472 28.0 326.1549987792969 1021.48 20.89 68.2811641410345 20180319 141232
39.97685736762153 116.49460991753472 28.0 326.1549987792969 1021.48 20.88 68.2811641410345 20180319 141233
39.97685736762153 116.49460991753472 28.0 326.1549987792969 1021.45 20.87 68.03307587632047 20180319 141234
39.97685736762153 116.49460991753472 28.0 326.1549987792969 1021.45 20.86 68.03307587632047 20180319 141235
39.97685736762153 116.49460991753472 28.0 326.1549987792969 1021.39 20.86 67.5368816460957 20180319 141236
39.97685736762153 116.49460991753472 28.0 326.1549987792969 1021.39 20.85 67.5368816460957 20180319 141237
39.97685736762153 116.49460991753472 28.0 326.1549987792969 1021.38 20.84 67.45418031303826 20180319 141238
39.97685736762153 116.49460991753472 28.0 326.1549987792969 1021.35 20.83 67.20607237990939 20180319 141239
39.97685736762153 116.49460991753472 28.0 326.1549987792969 1021.35 20.83 67.20607237990939 20180319 141240
39.97685736762153 116.49460991753472 28.0 326.1549987792969 1021.31 20.82 66.87525262267994 20180319 141241
39.97685736762153 116.49460991753472 28.0 326.1549987792969 1021.32 20.81 66.95795854556997 20180319 141242
39.977806 116.494042 42.45 41.0 1021.3 20.80 66.79254604407141 20180319 141243
39.977806 116.494042 42.45 41.0 1021.3 20.79 66.79254604407141 20180319 141244
39.977806 116.494042 42.45 41.0 1021.28 20.78 66.62713091958075 20180319 141245
39.977806 116.494042 41.7 41.0 1021.28 20.77 66.62713091958075 20180319 141246
39.977806 116.494042 41.7 41.0 1021.26 20.76 66.4617131720094 20180319 141247
39.977806 116.494042 41.36 41.0 1021.26 20.75 66.4617131720094 20180319 141248
39.977806 116.494042 41.36 41.0 1021.21 20.74 66.04815732648649 20180319 141249
39.977806 116.494042 41.11 41.0 1021.21 20.74 66.04815732648649 20180319 141250
39.977806 116.494042 41.11 41.0 1021.17 20.73 65.71730084478857 20180319 141251
39.977806 116.494042 41.11 41.0 1021.17 20.72 65.71730084478857 20180319 141252
39.977806 116.494042 41.11 41.0 1021.16 20.71 65.63458508465442 20180319 141253
39.977806 116.494042 41.11 41.0 1021.12 20.70 65.30371548486575 20180319 141254
39.977806 116.494042 41.11 41.0 1021.12 20.70 65.30371548486575 20180319 141255
39.977806 116.494042 41.11 41.0 1021.08 20.69 64.97283538978157 20180319 141256
39.977806 116.494042 41.11 41.0 1021.08 20.68 64.97283538978157 20180319 141257
39.977806 116.494042 41.11 41.0 1021.07 20.67 64.89011372602525 20180319 141258
39.977806 116.494042 41.11 41.0 1021.05 20.66 64.72466843046136 20180319 141259
39.977806 116.494042 41.11 41.0 1021.01 20.65 64.39376996679395 20180319 141300
39.977806 116.494042 41.11 41.0 1021.02 20.64 64.47649556681024 20180319 141301
39.977806 116.494042 41.11 41.0 1020.98 20.63 64.14558923018978 20180319 141302
39.977806 116.494042 41.11 41.0 1020.99 20.62 64.22831679849357 20180319 141303
39.977806 116.494042 41.11 41.0 1020.97 20.61 64.06286100576392 20180319 141304
39.977806 116.494042 41.11 41.0 1020.99 20.60 64.22831679849357 20180319 141305
39.977806 116.494042 41.11 41.0 1021.0 20.59 64.31104371069495 20180319 141306
39.976522 116.494468 40.7 36.0 1020.98 20.58 64.14558923018978 20180319 141307
39.976522 116.494468 40.7 36.0 1020.99 20.58 64.22831679849357 20180319 141308
39.976522 116.494468 40.7 36.0 1020.96 20.57 63.98013212520615 20180319 141309
39.976522 116.494468 40.7 36.0 1020.96 20.56 63.98013212520615 20180319 141310
39.976522 116.494468 40.7 36.0 1020.92 20.55 63.64921004143929 20180319 141311
39.976522 116.494468 40.7 36.0 1020.91 20.55 63.56647788005458 20180319 141312
39.976746 116.494363 39.13 30.0 1020.91 20.54 63.56647788005458 20180319 141313
39.976746 116.494363 39.13 30.0 1020.87 20.53 63.23554267237952 20180319 141314
39.976746 116.494363 39.13 30.0 1020.86 20.52 63.15280722987257 20180319 141315
39.976746 116.494363 37.88 30.0 1020.84 20.51 62.98733437606918 20180319 141316
39.976746 116.494363 37.88 30.0 1020.82 20.50 62.82185889712781 20180319 141317
39.976746 116.494363 37.22 30.0 1020.75 20.50 62.242674046614006 20180319 141318
39.976746 116.494363 37.22 30.0 1020.75 20.49 62.242674046614006 20180319 141319
39.976746 116.494363 37.31 30.0 1020.76 20.48 62.32541670860966 20180319 141320
39.976746 116.494363 37.31 30.0 1020.71 20.47 61.91169683462494 20180319 141321
39.976746 116.494363 37.22 30.0 1020.72 20.46 61.99444212225074 20180319 141322
39.976746 116.494363 37.22 30.0 1020.71 20.45 61.91169683462494 20180319 141323
39.976746 116.494363 37.06 30.0 1020.69 20.44 61.74620429008185 20180319 141324
39.976746 116.494363 37.06 30.0 1020.7 20.44 61.828950890571925 20180319 141325
39.976746 116.494363 37.15 30.0 1020.72 20.43 61.99444212225074 20180319 141326
39.976746 116.494363 37.15 30.0 1020.71 20.41 61.91169683462494 20180319 141327
39.976746 116.494363 37.06 30.0 1020.72 20.41 61.99444212225074 20180319 141328
39.976746 116.494363 37.06 30.0 1020.71 20.39 61.91169683462494 20180319 141329
39.976746 116.494363 36.97 30.0 1020.68 20.38 61.66345703312517 20180319 141330
39.976746 116.494363 36.97 30.0 1020.69 20.38 61.74620429008185 20180319 141331
39.976746 116.494363 36.97 30.0 1020.7 20.37 61.828950890571925 20180319 141332
39.976746 116.494363 36.97 30.0 1020.67 20.36 61.58070911970189 20180319 141333
39.976746 116.494363 36.97 30.0 1020.68 20.35 61.66345703312517 20180319 141334
39.985781 116.496524 37.22 150.0 1020.67 20.34 61.58070911970189 20180319 141335
39.985781 116.496524 37.15 150.0 1020.69 20.34 61.74620429008185 20180319 141336
39.985781 116.496524 37.15 150.0 1020.67 20.33 61.58070911970189 20180319 141337
39.985781 116.496524 37.15 150.0 1020.67 20.32 61.58070911970189 20180319 141338
39.985781 116.496524 37.15 150.0 1020.67 20.31 61.58070911970189 20180319 141339
39.985781 116.496524 37.22 150.0 1020.68 20.30 61.66345703312517 20180319 141340
39.985781 116.496524 37.22 150.0 1020.68 20.29 61.66345703312517 20180319 141341
39.985781 116.496524 37.31 150.0 1020.69 20.28 61.74620429008185 20180319 141342
39.985781 116.496524 37.31 150.0 1020.69 20.27 61.74620429008185 20180319 141343
39.985781 116.496524 36.97 150.0 1020.69 20.27 61.74620429008185 20180319 141344
39.985781 116.496524 36.97 150.0 1020.71 20.26 61.91169683462494 20180319 141345
39.985781 116.496524 37.38 150.0 1020.66 20.25 61.49796054980219 20180319 141346
39.985781 116.496524 37.38 150.0 1020.68 20.24 61.66345703312517 20180319 141347
39.985781 116.496524 37.56 150.0 1020.66 20.23 61.49796054980219 20180319 141348
39.985781 116.496524 37.56 150.0 1020.67 20.23 61.58070911970189 20180319 141349
39.985781 116.496524 37.06 150.0 1020.65 20.22 61.415211323406346 20180319 141350
39.985781 116.496524 37.06 150.0 1020.68 20.21 61.66345703312517 20180319 141351
39.985781 116.496524 37.06 150.0 1020.68 20.20 61.66345703312517 20180319 141352
39.985781 116.496524 37.06 150.0 1020.66 20.20 61.49796054980219 20180319 141353
39.985781 116.496524 37.06 150.0 1020.67 20.19 61.58070911970189 20180319 141354
39.985781 116.496524 37.06 150.0 1020.67 20.19 61.58070911970189 20180319 141355
39.985781 116.496524 36.88 150.0 1020.65 20.18 61.415211323406346 20180319 141356
39.985781 116.496524 36.88 150.0 1020.65 20.17 61.415211323406346 20180319 141357
39.985781 116.496524 36.31 150.0 1020.65 20.17 61.415211323406346 20180319 141358
39.985781 116.496524 36.31 150.0 1020.65 20.16 61.415211323406346 20180319 141359
39.985781 116.496524 36.31 150.0 1020.62 20.15 61.16695970515349 20180319 141400
39.985781 116.496524 36.31 150.0 1020.62 20.15 61.16695970515349 20180319 141401
39.985781 116.496524 35.81 150.0 1020.56 20.14 60.67043874178571 20180319 141402
39.985781 116.496524 35.81 150.0 1020.55 20.13 60.58768294983801 20180319 141403
39.985781 116.496524 35.31 150.0 1020.52 20.12 60.33941163420115 20180319 141404
39.985781 116.496524 35.31 150.0 1020.53 20.12 60.42216939605065 20180319 141405
39.985781 116.496524 35.4 150.0 1020.51 20.11 60.25665321569803 20180319 141406
39.985781 116.496524 35.4 150.0 1020.49 20.10 60.09113440868171 20180319 141407
39.985781 116.496524 34.81 150.0 1020.49 20.09 60.09113440868171 20180319 141408
39.985781 116.496524 34.81 150.0 1020.47 20.08 59.92561297490326 20180319 141409
39.985781 116.496524 34.74 150.0 1020.44 20.07 59.67732589885111 20180319 141410
39.985781 116.496524 34.74 150.0 1020.44 20.07 59.67732589885111 20180319 141411
39.985781 116.496524 34.56 150.0 1020.41 20.06 59.429032912069836 20180319 141412
39.985781 116.496524 34.56 150.0 1020.41 20.05 59.429032912069836 20180319 141413
39.976775 116.494396 34.56 33.0 1020.42 20.05 59.511797897768666 20180319 141414
39.976775 116.494396 34.56 33.0 1020.41 20.04 59.429032912069836 20180319 141415
39.976775 116.494396 34.56 33.0 1020.41 20.03 59.429032912069836 20180319 141416
39.976775 116.494396 34.56 33.0 1020.42 20.03 59.511797897768666 20180319 141417
39.976775 116.494396 34.9 33.0 1020.38 20.02 59.18073401424446 20180319 141418
39.976775 116.494396 34.9 33.0 1020.39 20.01 59.26350097031757 20180319 141419
39.976775 116.494396 35.06 33.0 1020.37 20.00 59.097966401350384 20180319 141420
39.976775 116.494396 35.06 33.0 1020.37 20.00 59.097966401350384 20180319 141421
39.976775 116.494396 34.81 33.0 1020.35 19.99 58.93242920505015 20180319 141422
39.976775 116.494396 34.81 33.0 1020.37 19.98 59.097966401350384 20180319 141423
39.976775 116.494396 34.81 33.0 1020.39 19.98 59.26350097031757 20180319 141424
39.976775 116.494396 34.81 33.0 1020.38 19.97 59.18073401424446 20180319 141425
39.976775 116.494396 34.81 33.0 1020.39 19.96 59.26350097031757 20180319 141426
39.976775 116.494396 34.81 33.0 1020.4 19.96 59.34626726958942 20180319 141427
39.976775 116.494396 34.81 33.0 1020.4 19.95 59.34626726958942 20180319 141428
39.976775 116.494396 34.81 33.0 1020.39 19.95 59.26350097031757 20180319 141429
39.976775 116.494396 34.81 33.0 1020.4 19.94 59.34626726958942 20180319 141430
39.976775 116.494396 34.81 33.0 1020.42 19.94 59.511797897768666 20180319 141431
39.976775 116.494396 34.81 33.0 1020.4 19.93 59.34626726958942 20180319 141432
39.976775 116.494396 34.81 33.0 1020.4 19.93 59.34626726958942 20180319 141433
39.976763 116.494176 34.65 28.0 1020.41 19.92 59.429032912069836 20180319 141434
39.976763 116.494176 34.65 28.0 1020.4 19.91 59.34626726958942 20180319 141435
39.976763 116.494176 34.81 28.0 1020.41 19.91 59.429032912069836 20180319 141436
39.976763 116.494176 34.81 28.0 1020.43 19.90 59.594562226685916 20180319 141437
39.976763 116.494176 34.97 28.0 1020.43 19.90 59.594562226685916 20180319 141438
39.976763 116.494176 34.97 28.0 1020.38 19.89 59.18073401424446 20180319 141439
39.976763 116.494176 33.99 28.0 1020.38 19.89 59.18073401424446 20180319 141440
39.976763 116.494176 33.99 28.0 1020.37 19.88 59.097966401350384 20180319 141441
39.976763 116.494176 33.9 28.0 1020.35 19.88 58.93242920505015 20180319 141442
39.976763 116.494176 33.9 28.0 1020.32 19.87 58.68411848418175 20180319 141443
39.976763 116.494176 33.9 28.0 1020.29 19.87 58.435801851324285 20180319 141444
39.97691 116.494205 33.15 44.0 1020.26 19.87 58.187479306162764 20180319 141445
39.97691 116.494205 32.9 44.0 1020.25 19.86 58.104703810541125 20180319 141446
39.97691 116.494205 32.9 44.0 1020.2 19.86 57.69081647765773 20180319 141447
39.97691 116.494205 32.41 44.0 1020.19 19.86 57.60803704004726 20180319 141448
39.97691 116.494205 32.41 44.0 1020.17 19.85 57.442476193694084 20180319 141449
39.97691 116.494205 32.25 44.0 1020.17 19.84 57.442476193694084 20180319 141450
39.97691 116.494205 32.25 44.0 1020.14 19.84 57.19412999615658 20180319 141451
39.97691 116.494205 32.25 44.0 1020.14 19.83 57.19412999615658 20180319 141452
39.97691 116.494205 32.25 44.0 1020.14 19.83 57.19412999615658 20180319 141453
39.97691 116.494205 31.9 44.0 1020.14 19.82 57.19412999615658 20180319 141454
39.97691 116.494205 31.9 44.0 1020.11 19.82 56.94577788474992 20180319 141455
39.97691 116.494205 32.65 44.0 1020.12 19.81 57.02856257900502 20180319 141456
39.97691 116.494205 32.65 44.0 1020.13 19.81 57.11134661613401 20180319 141457
39.97691 116.494205 32.33 44.0 1020.13 19.80 57.11134661613401 20180319 141458
39.97691 116.494205 32.33 44.0 1020.1 19.80 56.86299253335888 20180319 141459
39.97691 116.494205 32.25 44.0 1020.12 19.79 57.02856257900502 20180319 141500
39.97691 116.494205 32.25 44.0 1020.13 19.79 57.11134661613401 20180319 141501
39.97691 116.494205 32.25 44.0 1020.07 19.78 56.614632536281476 20180319 141502
39.97691 116.494205 32.25 44.0 1020.09 19.78 56.78020652482204 20180319 141503
39.976763 116.494176 32.15 28.0 1020.11 19.77 56.94577788474992 20180319 141504
39.976763 116.494176 32.15 28.0 1020.12 19.77 57.02856257900502 20180319 141505
39.976763 116.494176 32.15 28.0 1020.11 19.76 56.94577788474992 20180319 141506
39.976974 116.494496 32.33 15.0 1020.11 19.76 56.94577788474992 20180319 141507
39.976974 116.494496 32.41 15.0 1020.12 19.75 57.02856257900502 20180319 141508
39.976974 116.494496 32.41 15.0 1020.12 19.75 57.02856257900502 20180319 141509
39.976974 116.494496 32.08 15.0 1020.11 19.75 56.94577788474992 20180319 141510
39.976974 116.494496 32.08 15.0 1020.1 19.75 56.86299253335888 20180319 141511
39.976974 116.494496 31.42 15.0 1020.07 19.74 56.614632536281476 20180319 141512
39.976974 116.494496 31.42 15.0 1020.06 19.74 56.53184455624821 20180319 141513
39.976974 116.494496 30.84 15.0 1020.03 19.74 56.28347667295868 20180319 141514
39.976974 116.494496 30.84 15.0 1020.0 19.73 56.03510287462862 20180319 141515
39.976974 116.494496 30.42 15.0 1019.97 19.73 55.78672316095289 20180319 141516
39.976974 116.494496 30.42 15.0 1019.95 19.73 55.62113339870842 20180319 141517
39.976974 116.494496 29.76 15.0 1019.91 19.73 55.28994598629461 20180319 141518
39.976974 116.494496 29.76 15.0 1019.89 19.72 55.124348335938244 20180319 141519
39.976974 116.494496 29.76 15.0 1019.88 19.72 55.041548524682085 20180319 141520
39.976974 116.494496 29.76 15.0 1019.86 19.72 54.87594692996462 20180319 141521
39.976974 116.494496 29.67 15.0 1019.86 19.71 54.87594692996462 20180319 141522
39.976974 116.494496 29.67 15.0 1019.85 19.71 54.79314514646393 20180319 141523
39.976974 116.494496 29.51 15.0 1019.82 19.71 54.54473585132516 20180319 141524
39.976974 116.494496 29.51 15.0 1019.82 19.71 54.54473585132516 20180319 141525
39.976974 116.494496 29.92 15.0 1019.82 19.70 54.54473585132516 20180319 141526
39.976974 116.494496 29.92 15.0 1019.82 19.70 54.54473585132516 20180319 141527
39.976974 116.494496 29.76 15.0 1019.82 19.70 54.54473585132516 20180319 141528
39.976974 116.494496 29.76 15.0 1019.83 19.69 54.627539607158965 20180319 141529
39.976974 116.494496 29.67 15.0 1019.8 19.69 54.379126367225986 20180319 141530
39.976974 116.494496 29.67 15.0 1019.8 19.69 54.379126367225986 20180319 141531
39.976974 116.494496 30.01 15.0 1019.8 19.68 54.379126367225986 20180319 141532
39.976974 116.494496 30.01 15.0 1019.81 19.68 54.46193143802073 20180319 141533
39.976974 116.494496 30.01 15.0 1019.81 19.68 54.46193143802073 20180319 141534
39.976462 116.494661 29.76 29.0 1019.81 19.68 54.46193143802073 20180319 141535
39.976462 116.494661 29.84 29.0 1019.83 19.68 54.627539607158965 20180319 141536
39.976462 116.494661 29.84 29.0 1019.82 19.68 54.54473585132516 20180319 141537
39.976462 116.494661 30.01 29.0 1019.83 19.68 54.627539607158965 20180319 141538
39.976462 116.494661 30.01 29.0 1019.83 19.68 54.627539607158965 20180319 141539
39.976462 116.494661 30.01 29.0 1019.83 19.68 54.627539607158965 20180319 141540
39.976462 116.494661 30.01 29.0 1019.83 19.68 54.627539607158965 20180319 141541
39.976462 116.494661 30.01 29.0 1019.83 19.69 54.627539607158965 20180319 141542
39.976462 116.494661 30.01 29.0 1019.82 19.69 54.54473585132516 20180319 141543
39.976774 116.494361 29.67 22.0 1019.84 19.70 54.71034270554184 20180319 141544
39.976774 116.494361 29.67 22.0 1019.83 19.70 54.627539607158965 20180319 141545
39.976774 116.494361 30.01 22.0 1019.84 19.71 54.71034270554184 20180319 141546
39.976774 116.494361 30.01 22.0 1019.82 19.72 54.54473585132516 20180319 141547
39.976774 116.494361 29.51 22.0 1019.85 19.73 54.79314514646393 20180319 141548
39.976774 116.494361 29.51 22.0 1019.83 19.74 54.627539607158965 20180319 141549
39.976774 116.494361 29.67 22.0 1019.84 19.75 54.71034270554184 20180319 141550
39.976774 116.494361 29.67 22.0 1019.82 19.76 54.54473585132516 20180319 141551
39.976774 116.494361 29.67 22.0 1019.83 19.77 54.627539607158965 20180319 141552
39.976774 116.494361 29.67 22.0 1019.81 19.78 54.46193143802073 20180319 141553
39.976774 116.494361 29.67 22.0 1019.84 19.79 54.71034270554184 20180319 141554
39.976774 116.494361 29.67 22.0 1019.84 19.80 54.71034270554184 20180319 141555
39.976774 116.494361 29.67 22.0 1019.82 19.81 54.54473585132516 20180319 141556
39.976774 116.494361 29.67 22.0 1019.83 19.82 54.627539607158965 20180319 141557
39.976774 116.494361 29.67 22.0 1019.81 19.84 54.46193143802073 20180319 141558
39.976774 116.494361 29.67 22.0 1019.8 19.85 54.379126367225986 20180319 141559
39.976774 116.494361 29.67 22.0 1019.82 19.86 54.54473585132516 20180319 141600
39.976774 116.494361 29.67 22.0 1019.8 19.87 54.379126367225986 20180319 141601
39.976774 116.494361 29.67 22.0 1019.81 19.89 54.46193143802073 20180319 141602
39.976774 116.494361 29.67 22.0 1019.85 19.90 54.79314514646393 20180319 141603
39.976774 116.494361 29.67 22.0 1019.83 19.91 54.627539607158965 20180319 141604
39.976774 116.494361 29.67 22.0 1019.84 19.92 54.71034270554184 20180319 141605
39.976774 116.494361 29.67 22.0 1019.85 19.94 54.79314514646393 20180319 141606
39.976774 116.494361 29.67 22.0 1019.86 19.95 54.87594692996462 20180319 141607
39.976774 116.494361 29.67 22.0 1019.83 19.97 54.627539607158965 20180319 141608
39.976774 116.494361 29.67 22.0 1019.83 19.98 54.627539607158965 20180319 141609
39.976774 116.494361 29.67 22.0 1019.84 19.99 54.71034270554184 20180319 141610
39.976774 116.494361 29.67 22.0 1019.82 20.00 54.54473585132516 20180319 141611
39.976774 116.494361 29.67 22.0 1019.82 20.02 54.54473585132516 20180319 141612
39.976774 116.494361 29.67 22.0 1019.86 20.03 54.87594692996462 20180319 141613
39.976774 116.494361 29.67 22.0 1019.86 20.04 54.87594692996462 20180319 141614
39.976774 116.494361 29.67 22.0 1019.87 20.05 54.95874805602421 20180319 141615
39.976774 116.494361 29.67 22.0 1019.85 20.06 54.79314514646393 20180319 141616
