39.977003 116.494627 24.28 33.0 1018.94 23.38 47.25542935610912 20180319 154323
39.977003 116.494627 24.28 33.0 1018.91 23.98 47.00684043116267 20180319 154324
39.977003 116.494627 24.28 33.0 1018.89 24.20 46.841111188542946 20180319 154325
39.977003 116.494627 23.94 33.0 1018.9 24.24 46.92397613912951 20180319 154326
39.977003 116.494627 23.94 33.0 1018.88 24.25 46.75824557941283 20180319 154327
39.977003 116.494627 24.03 33.0 1018.85 24.25 46.50964480053476 20180319 154328
39.977003 116.494627 24.03 33.0 1018.87 24.25 46.675379311699785 20180319 154329
39.97682 116.494527 24.03 35.0 1018.88 24.25 46.75824557941283 20180319 154330
39.97682 116.494527 24.03 35.0 1018.89 24.25 46.841111188542946 20180319 154331
39.97682 116.494527 23.78 35.0 1018.88 24.25 46.75824557941283 20180319 154332
39.97682 116.494527 23.78 35.0 1018.87 24.24 46.675379311699785 20180319 154333
39.97682 116.494527 24.28 35.0 1018.86 24.25 46.592512385413656 20180319 154334
39.97682 116.494527 24.28 35.0 1018.86 24.25 46.592512385413656 20180319 154335
39.97682 116.494527 24.44 35.0 1018.88 24.24 46.75824557941283 20180319 154336
39.97682 116.494527 24.44 35.0 1018.88 24.24 46.75824557941283 20180319 154337
39.97682 116.494527 24.44 35.0 1018.9 24.24 46.92397613912951 20180319 154338
39.97682 116.494527 24.44 35.0 1018.88 24.23 46.75824557941283 20180319 154339
39.97682 116.494527 23.94 35.0 1018.9 24.23 46.92397613912951 20180319 154340
39.97682 116.494527 23.94 35.0 1018.9 24.23 46.92397613912951 20180319 154341
39.97682 116.494527 24.11 35.0 1018.91 24.22 47.00684043116267 20180319 154342
39.97682 116.494527 24.11 35.0 1018.93 24.21 47.172567039647554 20180319 154343
39.97682 116.494527 24.69 35.0 1018.96 24.21 47.421152013568914 20180319 154344
39.97682 116.494527 24.69 35.0 1018.98 24.19 47.586872037110425 20180319 154345
39.97682 116.494527 25.6 35.0 1018.99 24.18 47.66973106120858 20180319 154346
39.97682 116.494527 25.6 35.0 1019.05 24.17 48.16687137891262 20180319 154347
39.97682 116.494527 25.69 35.0 1019.08 24.15 48.41543264961681 20180319 154348
39.97682 116.494527 25.69 35.0 1019.07 24.14 48.332579551071944 20180319 154349
39.977029 116.49463 26.19 15.0 1019.11 24.13 48.663987995299266 20180319 154350
39.977029 116.49463 26.19 15.0 1019.12 24.12 48.74683846057551 20180319 154351
39.977029 116.49463 26.6 15.0 1019.17 24.10 49.16108091287859 20180319 154352
39.977029 116.49463 26.6 15.0 1019.2 24.09 49.40961848540544 20180319 154353
39.977029 116.49463 26.44 15.0 1019.2 24.08 49.40961848540544 20180319 154354
39.977029 116.49463 26.44 15.0 1019.24 24.07 49.74099270077287 20180319 154355
39.977029 116.49463 26.69 15.0 1019.22 24.05 49.57530690943801 20180319 154356
39.977029 116.49463 26.69 15.0 1019.22 24.04 49.57530690943801 20180319 154357
39.977029 116.49463 26.35 15.0 1019.23 24.03 49.658150134180346 20180319 154358
39.977029 116.49463 26.35 15.0 1019.23 24.01 49.658150134180346 20180319 154359
39.977029 116.49463 26.77 15.0 1019.21 24.00 49.49246302651632 20180319 154400
39.977029 116.49463 26.77 15.0 1019.24 23.99 49.74099270077287 20180319 154401
39.977029 116.49463 26.85 15.0 1019.24 23.98 49.74099270077287 20180319 154402
39.977029 116.49463 26.85 15.0 1019.25 23.97 49.823834609215574 20180319 154403
39.977029 116.49463 27.18 15.0 1019.29 23.95 50.1551956617343 20180319 154404
39.977029 116.49463 27.18 15.0 1019.32 23.94 50.403709541143314 20180319 154405
39.977029 116.49463 27.6 15.0 1019.34 23.93 50.569382170456315 20180319 154406
39.977029 116.49463 27.6 15.0 1019.37 23.91 50.81788617922254 20180319 154407
39.977029 116.49463 28.01 15.0 1019.39 23.89 50.983552228395745 20180319 154408
39.977029 116.49463 28.01 15.0 1019.37 23.88 50.81788617922254 20180319 154409
39.98578 116.496461 28.1 147.0 1019.4 23.86 51.066384266018474 20180319 154410
39.98578 116.496461 28.1 147.0 1019.46 23.84 51.56336267496929 20180319 154411
39.98578 116.496461 28.43 147.0 1019.48 23.82 51.7290168813733 20180319 154412
39.98578 116.496461 28.43 147.0 1019.49 23.80 51.811842997763996 20180319 154413
39.98578 116.496461 29.18 147.0 1019.51 23.79 51.977493256991686 20180319 154414
39.98578 116.496461 29.18 147.0 1019.48 23.77 51.7290168813733 20180319 154415
39.98578 116.496461 29.26 147.0 1019.5 23.75 51.89466845630018 20180319 154416
39.98578 116.496461 29.26 147.0 1019.54 23.74 52.225963712116304 20180319 154417
39.98578 116.496461 28.84 147.0 1019.54 23.73 52.225963712116304 20180319 154418
39.98578 116.496461 28.84 147.0 1019.55 23.71 52.308785881547244 20180319 154419
39.976913 116.494207 28.59 32.0 1019.53 23.70 52.14314088488991 20180319 154420
39.976913 116.494207 28.59 32.0 1019.53 23.68 52.14314088488991 20180319 154421
39.976913 116.494207 28.76 32.0 1019.56 23.67 52.39160739319258 20180319 154422
39.976913 116.494207 28.76 32.0 1019.55 23.66 52.308785881547244 20180319 154423
39.976913 116.494207 29.01 32.0 1019.57 23.65 52.474428247062136 20180319 154424
39.976913 116.494207 29.01 32.0 1019.5 23.63 51.89466845630018 20180319 154425
39.976913 116.494207 28.84 32.0 1019.51 23.61 51.977493256991686 20180319 154426
39.976913 116.494207 28.84 32.0 1019.54 23.60 52.225963712116304 20180319 154427
39.976913 116.494207 29.18 32.0 1019.56 23.58 52.39160739319258 20180319 154428
39.976913 116.494207 29.18 32.0 1019.57 23.56 52.474428247062136 20180319 154429
39.97659 116.494761 29.34 37.0 1019.58 23.54 52.55724844317562 20180319 154430
39.97659 116.494761 29.34 37.0 1019.57 23.52 52.474428247062136 20180319 154431
39.97659 116.494761 29.84 37.0 1019.58 23.50 52.55724844317562 20180319 154432
39.97659 116.494761 29.84 37.0 1019.62 23.49 52.888522650216366 20180319 154433
39.97659 116.494761 30.01 37.0 1019.64 23.47 53.0541558074611 20180319 154434
39.97659 116.494761 30.01 37.0 1019.66 23.45 53.219786333986654 20180319 154435
39.97659 116.494761 30.42 37.0 1019.7 23.43 53.551039495234576 20180319 154436
39.97659 116.494761 30.42 37.0 1019.71 23.41 53.63385114149349 20180319 154437
39.97659 116.494761 31.07 37.0 1019.73 23.39 53.79947246121555 20180319 154438
39.97659 116.494761 31.07 37.0 1019.77 23.38 54.130707209850684 20180319 154439
39.98578 116.496461 31.5 147.0 1019.82 23.36 54.54473585132516 20180319 154440
39.98578 116.496461 31.5 147.0 1019.82 23.33 54.54473585132516 20180319 154441
39.98578 116.496461 31.32 147.0 1019.82 23.32 54.54473585132516 20180319 154442
39.98578 116.496461 31.32 147.0 1019.82 23.30 54.54473585132516 20180319 154443
39.98578 116.496461 31.25 147.0 1019.86 23.29 54.87594692996462 20180319 154444
39.98578 116.496461 31.25 147.0 1019.84 23.27 54.71034270554184 20180319 154445
39.98578 116.496461 31.42 147.0 1019.82 23.26 54.54473585132516 20180319 154446
39.98578 116.496461 31.42 147.0 1019.84 23.24 54.71034270554184 20180319 154447
39.98578 116.496461 31.42 147.0 1019.85 23.23 54.79314514646393 20180319 154448
39.98578 116.496461 31.42 147.0 1019.82 23.20 54.54473585132516 20180319 154449
39.976484 116.49448 31.82 33.0 1019.84 23.18 54.71034270554184 20180319 154450
39.976484 116.49448 31.82 33.0 1019.86 23.17 54.87594692996462 20180319 154451
39.976484 116.49448 32.0 33.0 1019.88 23.15 55.041548524682085 20180319 154452
39.976484 116.49448 32.0 33.0 1019.92 23.13 55.37274382541452 20180319 154453
39.976484 116.49448 32.41 33.0 1019.95 23.11 55.62113339870842 20180319 154454
39.976484 116.49448 32.41 33.0 1020.0 23.10 56.03510287462862 20180319 154455
39.976484 116.49448 33.08 33.0 1020.0 23.07 56.03510287462862 20180319 154456
39.976484 116.49448 33.08 33.0 1020.05 23.05 56.44905591902978 20180319 154457
39.976484 116.49448 33.49 33.0 1020.07 23.04 56.614632536281476 20180319 154458
39.976484 116.49448 33.49 33.0 1020.12 23.01 57.02856257900502 20180319 154459
39.977016 116.494357 33.99 34.0 1020.15 22.99 57.27691271908259 20180319 154500
39.977016 116.494357 33.99 34.0 1020.16 22.98 57.35969478492186 20180319 154501
39.977016 116.494357 33.9 34.0 1020.16 22.95 57.35969478492186 20180319 154502
39.977016 116.494357 33.9 34.0 1020.18 22.93 57.52525694539927 20180319 154503
39.977016 116.494357 33.74 34.0 1020.16 22.90 57.35969478492186 20180319 154504
39.977016 116.494357 33.74 34.0 1020.17 22.89 57.442476193694084 20180319 154505
39.977016 116.494357 33.99 34.0 1020.15 22.86 57.27691271908259 20180319 154506
39.977016 116.494357 33.99 34.0 1020.16 22.85 57.35969478492186 20180319 154507
39.977016 116.494357 33.83 34.0 1020.18 22.83 57.52525694539927 20180319 154508
39.977016 116.494357 33.83 34.0 1020.12 22.80 57.02856257900502 20180319 154509
39.976712 116.49475 33.65 24.0 1020.13 22.79 57.11134661613401 20180319 154510
39.976712 116.49475 33.65 24.0 1020.14 22.77 57.19412999615658 20180319 154511
39.976712 116.49475 34.24 24.0 1020.15 22.75 57.27691271908259 20180319 154512
39.976712 116.49475 34.24 24.0 1020.15 22.73 57.27691271908259 20180319 154513
39.976712 116.49475 33.74 24.0 1020.16 22.71 57.35969478492186 20180319 154514
39.976712 116.49475 33.74 24.0 1020.19 22.70 57.60803704004726 20180319 154515
39.976712 116.49475 33.83 24.0 1020.2 22.68 57.69081647765773 20180319 154516
39.976712 116.49475 33.83 24.0 1020.17 22.67 57.442476193694084 20180319 154517
39.976712 116.49475 33.9 24.0 1020.18 22.65 57.52525694539927 20180319 154518
39.976712 116.49475 33.9 24.0 1020.18 22.63 57.52525694539927 20180319 154519
39.976712 116.49475 33.74 24.0 1020.19 22.61 57.60803704004726 20180319 154520
39.976712 116.49475 33.74 24.0 1020.19 22.60 57.60803704004726 20180319 154521
39.976712 116.49475 33.83 24.0 1020.2 22.58 57.69081647765773 20180319 154522
39.976712 116.49475 33.83 24.0 1020.16 22.56 57.35969478492186 20180319 154523
39.976712 116.49475 34.08 24.0 1020.18 22.53 57.52525694539927 20180319 154524
39.976712 116.49475 34.08 24.0 1020.19 22.52 57.60803704004726 20180319 154525
39.976712 116.49475 33.83 24.0 1020.21 22.51 57.77359525824053 20180319 154526
39.976712 116.49475 33.83 24.0 1020.19 22.49 57.60803704004726 20180319 154527
39.976712 116.49475 33.99 24.0 1020.19 22.46 57.60803704004726 20180319 154528
39.976712 116.49475 33.99 24.0 1020.21 22.45 57.77359525824053 20180319 154529
39.976493 116.494459 34.24 15.0 1020.19 22.42 57.60803704004726 20180319 154530
39.976493 116.494459 34.24 15.0 1020.19 22.40 57.60803704004726 20180319 154531
39.976493 116.494459 34.31 15.0 1020.19 22.39 57.60803704004726 20180319 154532
39.976493 116.494459 34.31 15.0 1020.24 22.37 58.02192765795088 20180319 154533
39.976493 116.494459 34.49 15.0 1020.24 22.34 58.02192765795088 20180319 154534
39.976493 116.494459 34.49 15.0 1020.26 22.33 58.187479306162764 20180319 154535
39.976493 116.494459 35.06 15.0 1020.3 22.31 58.51857471918961 20180319 154536
39.976493 116.494459 35.06 15.0 1020.33 22.28 58.76688938134796 20180319 154537
39.976493 116.494459 35.72 15.0 1020.37 22.26 59.097966401350384 20180319 154538
39.976493 116.494459 35.72 15.0 1020.37 22.24 59.097966401350384 20180319 154539
39.976493 116.494459 35.97 15.0 1020.39 22.21 59.26350097031757 20180319 154540
39.976493 116.494459 35.97 15.0 1020.4 22.19 59.34626726958942 20180319 154541
39.976493 116.494459 36.63 15.0 1020.43 22.17 59.594562226685916 20180319 154542
39.976493 116.494459 36.63 15.0 1020.47 22.16 59.92561297490326 20180319 154543
39.976493 116.494459 36.88 15.0 1020.48 22.14 60.00837402013899 20180319 154544
39.976493 116.494459 36.88 15.0 1020.53 22.13 60.42216939605065 20180319 154545
39.976493 116.494459 36.38 15.0 1020.49 22.10 60.09113440868171 20180319 154546
39.976493 116.494459 36.38 15.0 1020.48 22.09 60.00837402013899 20180319 154547
39.976493 116.494459 36.81 15.0 1020.51 22.08 60.25665321569803 20180319 154548
39.976493 116.494459 36.81 15.0 1020.49 22.06 60.09113440868171 20180319 154549
39.976493 116.494459 36.63 15.0 1020.48 22.04 60.00837402013899 20180319 154550
39.976493 116.494459 36.63 15.0 1020.49 22.03 60.09113440868171 20180319 154551
39.977005 116.49438 36.63 30.0 1020.5 22.02 60.173894140531445 20180319 154552
39.977005 116.49438 36.63 30.0 1020.52 22.00 60.33941163420115 20180319 154553
39.977005 116.49438 36.47 30.0 1020.51 21.99 60.25665321569803 20180319 154554
39.977005 116.49438 36.47 30.0 1020.55 21.98 60.58768294983801 20180319 154555
39.977005 116.49438 36.88 30.0 1020.52 21.96 60.33941163420115 20180319 154556
39.977005 116.49438 36.88 30.0 1020.53 21.95 60.42216939605065 20180319 154557
39.977005 116.49438 37.15 30.0 1020.53 21.93 60.42216939605065 20180319 154558
39.977005 116.49438 37.15 30.0 1020.58 21.92 60.83594835588759 20180319 154559
39.977005 116.49438 37.63 30.0 1020.59 21.91 60.9187021780516 20180319 154600
39.977005 116.49438 37.63 30.0 1020.62 21.89 61.16695970515349 20180319 154601
39.977005 116.49438 38.04 30.0 1020.67 21.87 61.58070911970189 20180319 154602
39.977005 116.49438 38.04 30.0 1020.69 21.86 61.74620429008185 20180319 154603
39.977005 116.49438 38.29 30.0 1020.7 21.84 61.828950890571925 20180319 154604
39.977005 116.49438 38.29 30.0 1020.7 21.82 61.828950890571925 20180319 154605
39.977005 116.49438 38.88 30.0 1020.77 21.81 62.40815871423715 20180319 154606
39.977005 116.49438 38.88 30.0 1020.78 21.80 62.49090006349648 20180319 154607
39.977005 116.49438 39.29 30.0 1020.79 21.77 62.57364075640734 20180319 154608
39.977005 116.49438 39.29 30.0 1020.8 21.76 62.65638079296972 20180319 154609
39.977005 116.49438 39.04 30.0 1020.85 21.75 63.07007113110574 20180319 154610
39.977005 116.49438 39.04 30.0 1020.85 21.73 63.07007113110574 20180319 154611
39.977005 116.49438 39.29 30.0 1020.85 21.72 63.07007113110574 20180319 154612
39.977005 116.49438 39.29 30.0 1020.82 21.70 62.82185889712781 20180319 154613
39.977005 116.49438 39.63 30.0 1020.85 21.69 63.07007113110574 20180319 154614
39.977005 116.49438 39.63 30.0 1020.82 21.68 62.82185889712781 20180319 154615
39.977005 116.49438 39.54 30.0 1020.83 21.66 62.9045969647432 20180319 154616
39.977005 116.49438 39.54 30.0 1020.82 21.65 62.82185889712781 20180319 154617
39.977005 116.49438 39.38 30.0 1020.84 21.64 62.98733437606918 20180319 154618
39.977005 116.49438 39.38 30.0 1020.83 21.62 62.9045969647432 20180319 154619
39.977005 116.49438 39.38 30.0 1020.83 21.61 62.9045969647432 20180319 154620
39.976723 116.494789 39.29 33.0 1020.79 21.59 62.57364075640734 20180319 154621
39.976723 116.494789 39.29 33.0 1020.8 21.57 62.65638079296972 20180319 154622
39.976723 116.494789 39.29 33.0 1020.82 21.56 62.82185889712781 20180319 154623
39.976723 116.494789 39.22 33.0 1020.8 21.54 62.65638079296972 20180319 154624
39.976723 116.494789 39.22 33.0 1020.85 21.53 63.07007113110574 20180319 154625
39.976723 116.494789 39.54 33.0 1020.84 21.51 62.98733437606918 20180319 154626
39.976723 116.494789 39.54 33.0 1020.86 21.50 63.15280722987257 20180319 154627
39.976723 116.494789 39.38 33.0 1020.85 21.49 63.07007113110574 20180319 154628
39.976723 116.494789 39.38 33.0 1020.86 21.48 63.15280722987257 20180319 154629
39.976998 116.494758 39.47 27.0 1020.82 21.46 62.82185889712781 20180319 154630
39.976998 116.494758 39.47 27.0 1020.84 21.45 62.98733437606918 20180319 154631
39.97740342881944 116.49409342447916 71.0 51.577999114990234 1020.85 21.44 63.07007113110574 20180319 154632
39.97740342881944 116.49409342447916 71.0 51.577999114990234 1020.83 21.42 62.9045969647432 20180319 154633
39.97725694444444 116.49411892361111 78.0 33.374000549316406 1020.84 21.41 62.98733437606918 20180319 154634
39.97725694444444 116.49411892361111 78.0 33.374000549316406 1020.86 21.39 63.15280722987257 20180319 154635
39.977168511284724 116.49431559244792 72.0 22.7549991607666 1020.88 21.38 63.31827745863644 20180319 154636
39.977168511284724 116.49431559244792 72.0 22.7549991607666 1020.9 21.37 63.48374506246904 20180319 154637
39.976985405815974 116.4946408420139 27.0 15.170000076293945 1020.85 21.35 63.07007113110574 20180319 154638
39.976985405815974 116.4946408420139 27.0 15.170000076293945 1020.85 21.33 63.07007113110574 20180319 154639
39.97710232204861 116.49444932725694 29.0 27.305999755859375 1020.88 21.32 63.31827745863644 20180319 154640
39.97710232204861 116.49444932725694 29.0 27.305999755859375 1020.87 21.31 63.23554267237952 20180319 154641
39.977106119791664 116.49447075737847 32.0 18.203998565673828 1020.88 21.30 63.31827745863644 20180319 154642
39.977106119791664 116.49447075737847 32.0 18.203998565673828 1020.92 21.28 63.64921004143929 20180319 154643
39.977138943142364 116.49458713107639 31.0 13.652999877929688 1020.91 21.26 63.56647788005458 20180319 154644
39.977138943142364 116.49458713107639 31.0 13.652999877929688 1020.91 21.25 63.56647788005458 20180319 154645
39.9771568467882 116.49459798177084 33.0 18.203998565673828 1020.9 21.24 63.48374506246904 20180319 154646
39.9771568467882 116.49459798177084 33.0 18.203998565673828 1020.93 21.22 63.731941546633024 20180319 154647
39.97715494791667 116.49458767361111 34.0 16.687000274658203 1020.88 21.22 63.31827745863644 20180319 154648
39.97715494791667 116.49458767361111 34.0 16.687000274658203 1020.9 21.20 63.48374506246904 20180319 154649
39.977159830729164 116.49460611979167 34.0 9.101999282836914 1020.9 21.18 63.48374506246904 20180319 154650
39.977159830729164 116.49460611979167 34.0 9.101999282836914 1020.93 21.17 63.731941546633024 20180319 154651
39.97717475043403 116.49462510850694 35.0 7.585000038146973 1020.93 21.15 63.731941546633024 20180319 154652
39.97717475043403 116.49462510850694 35.0 7.585000038146973 1020.94 21.14 63.814672395655464 20180319 154653
39.97719645182292 116.49463026258681 35.0 6.067999839782715 1020.98 21.12 64.14558923018978 20180319 154654
39.97719645182292 116.49463026258681 35.0 6.067999839782715 1020.97 21.11 64.06286100576392 20180319 154655
39.97721842447917 116.49463595920139 36.0 6.067999839782715 1020.94 21.10 63.814672395655464 20180319 154656
39.97721842447917 116.49463595920139 36.0 6.067999839782715 1020.94 21.08 63.814672395655464 20180319 154657
39.977230631510416 116.49463840060764 32.0 6.067999839782715 1020.97 21.07 64.06286100576392 20180319 154658
39.977230631510416 116.49463840060764 32.0 6.067999839782715 1020.98 21.06 64.14558923018978 20180319 154659
39.977244466145834 116.4946462673611 31.0 6.067999839782715 1020.97 21.04 64.06286100576392 20180319 154700
39.977244466145834 116.4946462673611 31.0 6.067999839782715 1021.0 21.02 64.31104371069495 20180319 154701
39.977252875434026 116.4946617296007 31.0 6.067999839782715 1020.99 21.01 64.22831679849357 20180319 154702
39.977252875434026 116.4946617296007 31.0 6.067999839782715 1020.99 21.00 64.22831679849357 20180319 154703
39.97726291232639 116.49467990451389 32.0 7.585000038146973 1021.01 20.99 64.39376996679395 20180319 154704
39.97726291232639 116.49467990451389 32.0 7.585000038146973 1020.97 20.98 64.06286100576392 20180319 154705
39.97727132161458 116.49469699435764 31.0 7.585000038146973 1020.98 20.97 64.14558923018978 20180319 154706
39.97727132161458 116.49469699435764 31.0 7.585000038146973 1020.98 20.96 64.14558923018978 20180319 154707
39.97727701822917 116.49470675998263 29.0 6.067999839782715 1020.97 20.95 64.06286100576392 20180319 154708
39.97727701822917 116.49470675998263 29.0 6.067999839782715 1020.99 20.94 64.22831679849357 20180319 154709
39.97728976779514 116.49470838758681 30.0 6.067999839782715 1020.97 20.93 64.06286100576392 20180319 154710
39.97728976779514 116.49470838758681 30.0 6.067999839782715 1020.97 20.92 64.06286100576392 20180319 154711
39.97730251736111 116.4947105577257 29.0 4.550999641418457 1021.0 20.92 64.31104371069495 20180319 154712
39.97730251736111 116.4947105577257 29.0 4.550999641418457 1021.0 20.91 64.31104371069495 20180319 154713
39.977315266927086 116.49471110026042 28.0 4.550999641418457 1021.0 20.90 64.31104371069495 20180319 154714
39.977315266927086 116.49471110026042 28.0 4.550999641418457 1021.01 20.90 64.39376996679395 20180319 154715
39.97732693142361 116.49470784505208 27.0 4.550999641418457 1021.03 20.89 64.55922051075369 20180319 154716
39.97732693142361 116.49470784505208 27.0 4.550999641418457 1021.04 20.89 64.64194479863411 20180319 154717
39.977342936197914 116.49470241970486 28.0 4.550999641418457 1021.0 20.87 64.31104371069495 20180319 154718
39.977342936197914 116.49470241970486 28.0 4.550999641418457 1020.99 20.85 64.22831679849357 20180319 154719
39.97736355251736 116.49470540364584 27.0 4.550999641418457 1020.97 20.83 64.06286100576392 20180319 154720
39.97736355251736 116.49470540364584 27.0 4.550999641418457 1020.98 20.82 64.14558923018978 20180319 154721
39.977382269965275 116.49471489800347 27.0 4.550999641418457 1021.01 20.80 64.39376996679395 20180319 154722
39.977382269965275 116.49471489800347 27.0 4.550999641418457 1021.0 20.78 64.31104371069495 20180319 154723
39.97739583333333 116.49473578559028 27.0 4.550999641418457 1021.01 20.78 64.39376996679395 20180319 154724
39.97739583333333 116.49473578559028 27.0 4.550999641418457 1021.02 20.77 64.47649556681024 20180319 154725
39.97740125868056 116.49475965711805 27.0 4.550999641418457 1021.0 20.77 64.31104371069495 20180319 154726
39.97740125868056 116.49475965711805 27.0 4.550999641418457 1021.02 20.77 64.47649556681024 20180319 154727
39.977398003472224 116.49478407118056 26.0 4.550999641418457 1021.03 20.77 64.55922051075369 20180319 154728
39.977398003472224 116.49478407118056 26.0 4.550999641418457 1021.02 20.77 64.47649556681024 20180319 154729
39.97739203559028 116.49480902777778 26.0 4.550999641418457 1021.01 20.77 64.39376996679395 20180319 154730
39.97739203559028 116.49480902777778 26.0 4.550999641418457 1021.0 20.76 64.31104371069495 20180319 154731
39.97738823784722 116.49483588324652 25.0 4.550999641418457 1020.99 20.76 64.22831679849357 20180319 154732
39.97738823784722 116.49483588324652 25.0 4.550999641418457 1021.0 20.76 64.31104371069495 20180319 154733
39.977382269965275 116.49486409505208 25.0 4.550999641418457 1020.99 20.76 64.22831679849357 20180319 154734
39.977382269965275 116.49486409505208 25.0 4.550999641418457 1021.01 20.76 64.39376996679395 20180319 154735
39.97737684461806 116.49489339192708 25.0 4.550999641418457 1021.02 20.76 64.47649556681024 20180319 154736
39.97737684461806 116.49489339192708 25.0 4.550999641418457 1021.01 20.75 64.39376996679395 20180319 154737
39.97737358940972 116.49492404513889 25.0 4.550999641418457 1020.99 20.74 64.22831679849357 20180319 154738
39.97737358940972 116.49492404513889 25.0 4.550999641418457 1020.98 20.74 64.14558923018978 20180319 154739
39.97737006293403 116.49494683159722 24.0 4.550999641418457 1020.98 20.74 64.14558923018978 20180319 154740
39.97737006293403 116.49494683159722 24.0 4.550999641418457 1020.99 20.73 64.22831679849357 20180319 154741
39.977368977864586 116.49496907552083 25.0 4.550999641418457 1020.96 20.72 63.98013212520615 20180319 154742
39.977368977864586 116.49496907552083 25.0 4.550999641418457 1020.99 20.72 64.22831679849357 20180319 154743
39.97737114800347 116.49498697916667 24.0 4.550999641418457 1021.0 20.71 64.31104371069495 20180319 154744
39.97737114800347 116.49498697916667 24.0 4.550999641418457 1020.99 20.70 64.22831679849357 20180319 154745
39.97737738715278 116.49500542534722 24.0 4.550999641418457 1021.02 20.69 64.47649556681024 20180319 154746
39.97737738715278 116.49500542534722 24.0 4.550999641418457 1020.99 20.69 64.22831679849357 20180319 154747
39.97738715277778 116.49501383463542 24.0 4.550999641418457 1020.99 20.68 64.22831679849357 20180319 154748
39.97738715277778 116.49501383463542 24.0 4.550999641418457 1021.01 20.68 64.39376996679395 20180319 154749
39.97740505642361 116.49501166449653 23.0 4.550999641418457 1020.99 20.67 64.22831679849357 20180319 154750
39.97740505642361 116.49501166449653 23.0 4.550999641418457 1021.03 20.66 64.55922051075369 20180319 154751
39.97742431640625 116.49500569661458 23.0 4.550999641418457 1021.02 20.64 64.47649556681024 20180319 154752
39.97742431640625 116.49500569661458 23.0 4.550999641418457 1020.99 20.62 64.22831679849357 20180319 154753
39.97744140625 116.495 23.0 4.550999641418457 1020.99 20.60 64.22831679849357 20180319 154754
39.97744140625 116.495 23.0 4.550999641418457 1020.99 20.59 64.22831679849357 20180319 154755
39.97746175130208 116.49499565972222 22.0 4.550999641418457 1020.98 20.59 64.14558923018978 20180319 154756
39.97746175130208 116.49499565972222 22.0 4.550999641418457 1021.0 20.58 64.31104371069495 20180319 154757
39.977481825086805 116.49499430338541 22.0 4.550999641418457 1021.0 20.56 64.31104371069495 20180319 154758
39.977481825086805 116.49499430338541 22.0 4.550999641418457 1021.0 20.54 64.31104371069495 20180319 154759
39.97750054253472 116.49499077690972 22.0 4.550999641418457 1021.01 20.53 64.39376996679395 20180319 154800
39.97750054253472 116.49499077690972 22.0 4.550999641418457 1021.03 20.52 64.55922051075369 20180319 154801
39.977511393229165 116.4949867078993 24.0 4.550999641418457 1020.98 20.49 64.14558923018978 20180319 154802
39.977511393229165 116.4949867078993 24.0 4.550999641418457 1020.99 20.48 64.22831679849357 20180319 154803
39.977519259982635 116.49496880425347 22.0 4.550999641418457 1020.98 20.47 64.14558923018978 20180319 154804
39.977519259982635 116.49496880425347 22.0 4.550999641418457 1020.98 20.45 64.14558923018978 20180319 154805
39.977518988715275 116.49494683159722 21.0 4.550999641418457 1020.99 20.44 64.22831679849357 20180319 154806
39.977518988715275 116.49494683159722 21.0 4.550999641418457 1021.01 20.43 64.39376996679395 20180319 154807
39.97751410590278 116.49492458767361 21.0 4.550999641418457 1020.98 20.42 64.14558923018978 20180319 154808
39.97751410590278 116.49492458767361 21.0 4.550999641418457 1021.01 20.41 64.39376996679395 20180319 154809
39.97750705295139 116.4949058702257 19.0 4.550999641418457 1020.99 20.40 64.22831679849357 20180319 154810
39.97750705295139 116.4949058702257 19.0 4.550999641418457 1021.01 20.39 64.39376996679395 20180319 154811
39.97750189887153 116.49488932291666 20.0 4.550999641418457 1020.98 20.37 64.14558923018978 20180319 154812
39.97750189887153 116.49488932291666 20.0 4.550999641418457 1020.97 20.36 64.06286100576392 20180319 154813
39.97750081380208 116.49486897786458 19.0 4.550999641418457 1020.98 20.36 64.14558923018978 20180319 154814
39.97750081380208 116.49486897786458 19.0 4.550999641418457 1020.99 20.35 64.22831679849357 20180319 154815
39.97749972873264 116.49484483506944 22.0 4.550999641418457 1020.99 20.35 64.22831679849357 20180319 154816
39.97749972873264 116.49484483506944 22.0 4.550999641418457 1020.98 20.35 64.14558923018978 20180319 154817
39.97749891493056 116.4948206922743 21.0 4.550999641418457 1020.97 20.35 64.06286100576392 20180319 154818
39.97749891493056 116.4948206922743 21.0 4.550999641418457 1020.97 20.34 64.06286100576392 20180319 154819
39.97749593098958 116.49480360243055 22.0 4.550999641418457 1020.97 20.35 64.06286100576392 20180319 154820
39.97749593098958 116.49480360243055 22.0 4.550999641418457 1020.97 20.35 64.06286100576392 20180319 154821
39.97749267578125 116.49478352864584 19.0 4.550999641418457 1021.0 20.35 64.31104371069495 20180319 154822
39.97749267578125 116.49478352864584 19.0 4.550999641418457 1020.99 20.35 64.22831679849357 20180319 154823
39.97748589409722 116.4947593858507 19.0 4.550999641418457 1021.0 20.35 64.31104371069495 20180319 154824
39.97748589409722 116.4947593858507 19.0 4.550999641418457 1020.99 20.34 64.22831679849357 20180319 154825
39.97747341579861 116.49474202473958 23.0 4.550999641418457 1021.0 20.32 64.31104371069495 20180319 154826
39.97747341579861 116.49474202473958 23.0 4.550999641418457 1021.0 20.29 64.31104371069495 20180319 154827
39.97745307074653 116.49473171657986 23.0 4.550999641418457 1021.01 20.28 64.39376996679395 20180319 154828
39.97745307074653 116.49473171657986 23.0 4.550999641418457 1021.0 20.26 64.31104371069495 20180319 154829
39.97742892795139 116.49472629123264 21.0 4.550999641418457 1020.98 20.25 64.14558923018978 20180319 154830
39.97742892795139 116.49472629123264 21.0 4.550999641418457 1020.97 20.24 64.06286100576392 20180319 154831
39.977406141493056 116.49472710503473 21.0 4.550999641418457 1020.97 20.23 64.06286100576392 20180319 154832
39.977406141493056 116.49472710503473 21.0 4.550999641418457 1020.96 20.22 63.98013212520615 20180319 154833
39.97738715277778 116.4947300889757 21.0 4.550999641418457 1020.98 20.22 64.14558923018978 20180319 154834
39.97738715277778 116.4947300889757 21.0 4.550999641418457 1020.98 20.22 64.14558923018978 20180319 154835
39.977366807725694 116.49472574869792 22.0 4.550999641418457 1020.98 20.22 64.14558923018978 20180319 154836
39.977366807725694 116.49472574869792 22.0 4.550999641418457 1021.0 20.22 64.31104371069495 20180319 154837
39.977351616753474 116.49472276475694 20.0 4.550999641418457 1021.02 20.23 64.47649556681024 20180319 154838
39.977351616753474 116.49472276475694 20.0 4.550999641418457 1020.99 20.23 64.22831679849357 20180319 154839
39.977335883246525 116.4947243923611 19.0 4.550999641418457 1020.97 20.23 64.06286100576392 20180319 154840
39.977335883246525 116.4947243923611 19.0 4.550999641418457 1020.96 20.23 63.98013212520615 20180319 154841
39.977314995659725 116.4947300889757 19.0 4.550999641418457 1020.98 20.23 64.14558923018978 20180319 154842
39.977314995659725 116.4947300889757 19.0 4.550999641418457 1021.0 20.22 64.31104371069495 20180319 154843
39.97729573567708 116.49473063151042 20.0 4.550999641418457 1020.98 20.21 64.14558923018978 20180319 154844
39.97729573567708 116.49473063151042 20.0 4.550999641418457 1020.98 20.21 64.14558923018978 20180319 154845
39.97727918836806 116.4947300889757 22.0 4.550999641418457 1020.96 20.22 63.98013212520615 20180319 154846
39.97727918836806 116.4947300889757 22.0 4.550999641418457 1020.96 20.21 63.98013212520615 20180319 154847
39.977259657118054 116.49472819010417 21.0 4.550999641418457 1020.96 20.21 63.98013212520615 20180319 154848
39.977259657118054 116.49472819010417 21.0 4.550999641418457 1020.98 20.22 64.14558923018978 20180319 154849
39.977239312065976 116.49473171657986 21.0 4.550999641418457 1020.97 20.23 64.06286100576392 20180319 154850
39.977239312065976 116.49473171657986 21.0 4.550999641418457 1020.95 20.23 63.89740258850661 20180319 154851
39.97721733940972 116.49473225911458 22.0 4.550999641418457 1020.97 20.23 64.06286100576392 20180319 154852
39.97721733940972 116.49473225911458 22.0 4.550999641418457 1020.95 20.22 63.89740258850661 20180319 154853
39.97719590928819 116.49472710503473 23.0 4.550999641418457 1020.95 20.20 63.89740258850661 20180319 154854
39.97719590928819 116.49472710503473 23.0 4.550999641418457 1020.98 20.18 64.14558923018978 20180319 154855
39.977178548177086 116.49471761067709 22.0 4.550999641418457 1021.01 20.16 64.39376996679395 20180319 154856
39.977178548177086 116.49471761067709 22.0 4.550999641418457 1020.98 20.13 64.14558923018978 20180319 154857
39.97715793185764 116.49470703125 23.0 4.550999641418457 1020.99 20.12 64.22831679849357 20180319 154858
39.97715793185764 116.49470703125 23.0 4.550999641418457 1021.02 20.11 64.47649556681024 20180319 154859
39.977138671875 116.49468885633681 23.0 4.550999641418457 1021.03 20.09 64.55922051075369 20180319 154900
39.977138671875 116.49468885633681 23.0 4.550999641418457 1021.0 20.06 64.31104371069495 20180319 154901
39.9771204969618 116.49467881944445 23.0 4.550999641418457 1021.05 20.05 64.72466843046136 20180319 154902
39.9771204969618 116.49467881944445 23.0 4.550999641418457 1021.05 20.03 64.72466843046136 20180319 154903
39.977099066840275 116.49467122395833 23.0 4.550999641418457 1020.99 20.00 64.22831679849357 20180319 154904
39.977099066840275 116.49467122395833 23.0 4.550999641418457 1020.98 19.99 64.14558923018978 20180319 154905
39.97707763671875 116.49466606987848 23.0 4.550999641418457 1020.99 19.97 64.22831679849357 20180319 154906
39.97707763671875 116.49466606987848 23.0 4.550999641418457 1020.99 19.95 64.22831679849357 20180319 154907
39.97705729166667 116.49466118706597 23.0 4.550999641418457 1021.0 19.94 64.31104371069495 20180319 154908
39.97705729166667 116.49466118706597 23.0 4.550999641418457 1020.99 19.92 64.22831679849357 20180319 154909
39.977040201822916 116.49465386284722 24.0 4.550999641418457 1020.99 19.90 64.22831679849357 20180319 154910
39.977040201822916 116.49465386284722 24.0 4.550999641418457 1020.95 19.88 63.89740258850661 20180319 154911
39.97702663845486 116.49464762369792 24.0 4.550999641418457 1020.96 19.86 63.98013212520615 20180319 154912
39.97702663845486 116.49464762369792 24.0 4.550999641418457 1020.93 19.86 63.731941546633024 20180319 154913
39.97700737847222 116.49464409722222 23.0 6.067999839782715 1020.94 19.84 63.814672395655464 20180319 154914
39.97700737847222 116.49464409722222 23.0 6.067999839782715 1020.94 19.84 63.814672395655464 20180319 154915
39.976985405815974 116.49463677300348 22.0 6.067999839782715 1020.94 19.83 63.814672395655464 20180319 154916
39.976985405815974 116.49463677300348 22.0 6.067999839782715 1020.94 19.82 63.814672395655464 20180319 154917
39.97697401258681 116.49462809244791 23.0 6.067999839782715 1020.93 19.83 63.731941546633024 20180319 154918
39.97697401258681 116.49462809244791 23.0 6.067999839782715 1020.98 19.82 64.14558923018978 20180319 154919
39.976961805555554 116.49462646484375 21.0 7.585000038146973 1020.93 19.81 63.731941546633024 20180319 154920
39.976961805555554 116.49462646484375 21.0 7.585000038146973 1020.96 19.81 63.98013212520615 20180319 154921
39.97694118923611 116.49461480034722 21.0 7.585000038146973 1020.96 19.81 63.98013212520615 20180319 154922
39.97694118923611 116.49461480034722 21.0 7.585000038146973 1020.96 19.81 63.98013212520615 20180319 154923
39.97693549262153 116.49460394965278 25.0 9.101999282836914 1020.95 19.81 63.89740258850661 20180319 154924
39.97693549262153 116.49460394965278 25.0 9.101999282836914 1020.95 19.82 63.89740258850661 20180319 154925
39.97693549262153 116.49459309895833 24.0 9.101999282836914 1020.95 19.81 63.89740258850661 20180319 154926
39.97693549262153 116.49459309895833 24.0 9.101999282836914 1020.94 19.81 63.814672395655464 20180319 154927
39.97693359375 116.49458658854167 23.0 9.101999282836914 1020.93 19.80 63.731941546633024 20180319 154928
39.97693359375 116.49458658854167 23.0 9.101999282836914 1020.92 19.79 63.64921004143929 20180319 154929
39.97692626953125 116.49458116319444 22.0 9.101999282836914 1020.87 19.78 63.23554267237952 20180319 154930
39.97692626953125 116.49458116319444 22.0 9.101999282836914 1020.88 19.78 63.31827745863644 20180319 154931
39.9769140625 116.49456759982638 24.0 9.101999282836914 1020.88 19.78 63.31827745863644 20180319 154932
39.9769140625 116.49456759982638 24.0 9.101999282836914 1020.9 19.78 63.48374506246904 20180319 154933
39.9769127061632 116.49454372829861 24.0 9.101999282836914 1020.96 19.79 63.98013212520615 20180319 154934
39.9769127061632 116.49454372829861 24.0 9.101999282836914 1020.92 19.78 63.64921004143929 20180319 154935
39.976917317708335 116.49452067057291 26.0 10.618999481201172 1020.92 19.77 63.64921004143929 20180319 154936
39.976917317708335 116.49452067057291 26.0 10.618999481201172 1020.94 19.77 63.814672395655464 20180319 154937
39.97691216362847 116.4945095486111 24.0 10.618999481201172 1020.92 19.76 63.64921004143929 20180319 154938
39.97691216362847 116.4945095486111 24.0 10.618999481201172 1020.91 19.76 63.56647788005458 20180319 154939
39.97691840277778 116.49450575086806 26.0 10.618999481201172 1020.91 19.76 63.56647788005458 20180319 154940
39.97691840277778 116.49450575086806 26.0 10.618999481201172 1020.91 19.76 63.56647788005458 20180319 154941
39.97692681206597 116.49452067057291 26.0 10.618999481201172 1020.91 19.75 63.56647788005458 20180319 154942
39.97692681206597 116.49452067057291 26.0 10.618999481201172 1020.91 19.76 63.56647788005458 20180319 154943
39.97693359375 116.4945458984375 26.0 10.618999481201172 1020.91 19.75 63.56647788005458 20180319 154944
39.97693359375 116.4945458984375 26.0 10.618999481201172 1020.92 19.74 63.64921004143929 20180319 154945
39.97693142361111 116.49457302517361 26.0 9.101999282836914 1020.94 19.75 63.814672395655464 20180319 154946
39.97693142361111 116.49457302517361 26.0 9.101999282836914 1020.92 19.75 63.64921004143929 20180319 154947
39.97692165798611 116.4945933702257 23.0 9.101999282836914 1020.88 19.75 63.31827745863644 20180319 154948
39.97692165798611 116.4945933702257 23.0 9.101999282836914 1020.87 19.74 63.23554267237952 20180319 154949
39.97692681206597 116.49460964626736 22.0 9.101999282836914 1020.86 19.74 63.15280722987257 20180319 154950
39.97692681206597 116.49460964626736 22.0 9.101999282836914 1020.85 19.74 63.07007113110574 20180319 154951
39.97692057291667 116.49462320963542 25.0 10.618999481201172 1020.87 19.74 63.23554267237952 20180319 154952
39.97692057291667 116.49462320963542 25.0 10.618999481201172 1020.88 19.74 63.31827745863644 20180319 154953
39.97690592447917 116.49462185329861 23.0 16.687000274658203 1020.9 19.74 63.48374506246904 20180319 154954
39.97690592447917 116.49462185329861 23.0 16.687000274658203 1020.91 19.74 63.56647788005458 20180319 154955
39.97690592447917 116.49462185329861 23.0 16.687000274658203 1020.91 19.73 63.56647788005458 20180319 154956
39.97690592447917 116.49462185329861 23.0 16.687000274658203 1020.88 19.73 63.31827745863644 20180319 154957
39.97690592447917 116.49462185329861 23.0 16.687000274658203 1020.88 19.73 63.31827745863644 20180319 154958
39.97690592447917 116.49462185329861 23.0 16.687000274658203 1020.92 19.73 63.64921004143929 20180319 154959
39.97690592447917 116.49462185329861 23.0 16.687000274658203 1020.88 19.73 63.31827745863644 20180319 155000
39.97690592447917 116.49462185329861 23.0 16.687000274658203 1020.92 19.73 63.64921004143929 20180319 155001
39.97690592447917 116.49462185329861 23.0 16.687000274658203 1020.9 19.73 63.48374506246904 20180319 155002
39.97690592447917 116.49462185329861 23.0 16.687000274658203 1020.9 19.74 63.48374506246904 20180319 155003
39.97690592447917 116.49462185329861 23.0 16.687000274658203 1020.91 19.74 63.56647788005458 20180319 155004
39.97690592447917 116.49462185329861 23.0 16.687000274658203 1020.9 19.74 63.48374506246904 20180319 155005
39.97690592447917 116.49462185329861 23.0 16.687000274658203 1020.92 19.75 63.64921004143929 20180319 155006
39.976577 116.494794 38.97 29.0 1020.88 19.75 63.31827745863644 20180319 155007
39.976577 116.494794 38.72 29.0 1020.88 19.76 63.31827745863644 20180319 155008
39.976577 116.494794 38.72 29.0 1020.84 19.76 62.98733437606918 20180319 155009
39.976577 116.494794 38.13 29.0 1020.82 19.76 62.82185889712781 20180319 155010
39.976577 116.494794 38.13 29.0 1020.77 19.76 62.40815871423715 20180319 155011
39.976577 116.494794 37.88 29.0 1020.76 19.75 62.32541670860966 20180319 155012
39.976577 116.494794 37.88 29.0 1020.72 19.75 61.99444212225074 20180319 155013
39.976577 116.494794 37.06 29.0 1020.69 19.75 61.74620429008185 20180319 155014
39.976577 116.494794 37.06 29.0 1020.69 19.75 61.74620429008185 20180319 155015
39.976577 116.494794 36.47 29.0 1020.64 19.74 61.33246144050454 20180319 155016
39.976577 116.494794 36.47 29.0 1020.63 19.74 61.24971090108692 20180319 155017
39.976577 116.494794 36.47 29.0 1020.63 19.73 61.24971090108692 20180319 155018
39.977016 116.494366 36.72 150.0 1020.59 19.73 60.9187021780516 20180319 155019
39.977016 116.494366 36.56 150.0 1020.59 19.72 60.9187021780516 20180319 155020
39.977016 116.494366 36.56 150.0 1020.61 19.72 61.084207852674716 20180319 155021
39.977016 116.494366 36.56 150.0 1020.6 19.72 61.00145534364075 20180319 155022
39.977016 116.494366 36.56 150.0 1020.61 19.71 61.084207852674716 20180319 155023
39.977016 116.494366 36.63 150.0 1020.61 19.71 61.084207852674716 20180319 155024
39.977016 116.494366 36.63 150.0 1020.6 19.71 61.00145534364075 20180319 155025
39.977016 116.494366 35.9 150.0 1020.55 19.71 60.58768294983801 20180319 155026
39.977016 116.494366 35.9 150.0 1020.52 19.70 60.33941163420115 20180319 155027
39.977016 116.494366 35.49 150.0 1020.52 19.70 60.33941163420115 20180319 155028
39.977016 116.494366 35.49 150.0 1020.5 19.70 60.173894140531445 20180319 155029
39.977016 116.494366 34.81 150.0 1020.45 19.69 59.760088914264244 20180319 155030
39.977016 116.494366 34.81 150.0 1020.43 19.68 59.594562226685916 20180319 155031
39.977016 116.494366 34.65 150.0 1020.41 19.69 59.429032912069836 20180319 155032
39.977016 116.494366 34.65 150.0 1020.36 19.68 59.01519813161567 20180319 155033
39.977016 116.494366 33.99 150.0 1020.34 19.69 58.84965962163414 20180319 155034
39.977016 116.494366 33.99 150.0 1020.36 19.69 59.01519813161567 20180319 155035
39.977016 116.494366 34.15 150.0 1020.34 19.68 58.84965962163414 20180319 155036
39.977016 116.494366 34.15 150.0 1020.36 19.67 59.01519813161567 20180319 155037
39.977016 116.494366 34.15 150.0 1020.36 19.67 59.01519813161567 20180319 155038
39.976943 116.49473 33.99 27.0 1020.33 19.66 58.76688938134796 20180319 155039
39.976943 116.49473 34.4 27.0 1020.34 19.66 58.84965962163414 20180319 155040
39.976943 116.49473 34.4 27.0 1020.33 19.66 58.76688938134796 20180319 155041
39.976943 116.49473 33.65 27.0 1020.3 19.66 58.51857471918961 20180319 155042
39.976943 116.49473 33.65 27.0 1020.29 19.66 58.435801851324285 20180319 155043
39.976943 116.49473 33.31 27.0 1020.27 19.66 58.27025414482563 20180319 155044
39.976943 116.49473 33.31 27.0 1020.21 19.65 57.77359525824053 20180319 155045
39.976943 116.49473 33.31 27.0 1020.18 19.65 57.52525694539927 20180319 155046
39.976943 116.49473 33.31 27.0 1020.17 19.65 57.442476193694084 20180319 155047
39.976943 116.49473 32.41 27.0 1020.15 19.64 57.27691271908259 20180319 155048
39.976943 116.49473 32.41 27.0 1020.13 19.64 57.11134661613401 20180319 155049
39.976943 116.49473 32.15 27.0 1020.11 19.64 56.94577788474992 20180319 155050
39.976943 116.49473 32.15 27.0 1020.05 19.63 56.44905591902978 20180319 155051
39.976943 116.49473 31.32 27.0 1020.03 19.63 56.28347667295868 20180319 155052
39.976943 116.49473 31.32 27.0 1020.03 19.63 56.28347667295868 20180319 155053
39.976943 116.49473 31.32 27.0 1020.03 19.63 56.28347667295868 20180319 155054
39.976943 116.49473 31.32 27.0 1020.03 19.62 56.28347667295868 20180319 155055
39.976943 116.49473 31.32 27.0 1020.05 19.63 56.44905591902978 20180319 155056
39.976943 116.49473 31.32 27.0 1020.05 19.62 56.44905591902978 20180319 155057
39.976943 116.49473 31.32 27.0 1020.05 19.62 56.44905591902978 20180319 155058
39.97701 116.494589 31.32 55.0 1020.05 19.61 56.44905591902978 20180319 155059
39.97701 116.494589 31.42 55.0 1020.05 19.60 56.44905591902978 20180319 155100
39.97701 116.494589 31.42 55.0 1020.04 19.60 56.366266624596655 20180319 155101
39.97701 116.494589 31.5 55.0 1020.04 19.61 56.366266624596655 20180319 155102
39.97701 116.494589 31.5 55.0 1020.03 19.60 56.28347667295868 20180319 155103
39.97701 116.494589 31.17 55.0 1019.99 19.61 55.95231029401375 20180319 155104
39.97701 116.494589 31.17 55.0 1019.97 19.60 55.78672316095289 20180319 155105
39.97701 116.494589 30.5 55.0 1019.91 19.60 55.28994598629461 20180319 155106
39.97701 116.494589 30.5 55.0 1019.89 19.60 55.124348335938244 20180319 155107
39.97701 116.494589 30.5 55.0 1019.86 19.59 54.87594692996462 20180319 155108
39.977011 116.494364 29.92 150.0 1019.82 19.58 54.54473585132516 20180319 155109
39.977011 116.494364 29.84 150.0 1019.78 19.58 54.21351425315573 20180319 155110
39.977011 116.494364 29.84 150.0 1019.77 19.57 54.130707209850684 20180319 155111
39.977011 116.494364 29.18 150.0 1019.74 19.57 53.882282134708234 20180319 155112
39.977011 116.494364 29.18 150.0 1019.74 19.57 53.882282134708234 20180319 155113
39.977011 116.494364 29.26 150.0 1019.71 19.56 53.63385114149349 20180319 155114
39.977011 116.494364 29.26 150.0 1019.73 19.56 53.79947246121555 20180319 155115
39.977011 116.494364 29.34 150.0 1019.74 19.55 53.882282134708234 20180319 155116
39.977011 116.494364 29.34 150.0 1019.76 19.55 54.047899509015956 20180319 155117
39.977011 116.494364 29.34 150.0 1019.76 19.55 54.047899509015956 20180319 155118
39.976787 116.494495 29.42 35.0 1019.76 19.55 54.047899509015956 20180319 155119
39.976787 116.494495 29.42 35.0 1019.77 19.54 54.130707209850684 20180319 155120
39.976787 116.494495 29.42 35.0 1019.69 19.54 53.468227191367234 20180319 155121
39.976787 116.494495 28.76 35.0 1019.68 19.54 53.38541422987177 20180319 155122
39.976787 116.494495 28.76 35.0 1019.66 19.53 53.219786333986654 20180319 155123
39.976787 116.494495 28.43 35.0 1019.65 19.53 53.13697139955762 20180319 155124
39.976787 116.494495 28.43 35.0 1019.64 19.53 53.0541558074611 20180319 155125
39.976787 116.494495 27.43 35.0 1019.58 19.53 52.55724844317562 20180319 155126
39.976787 116.494495 27.43 35.0 1019.56 19.53 52.39160739319258 20180319 155127
39.976787 116.494495 27.35 35.0 1019.53 19.53 52.14314088488991 20180319 155128
39.976787 116.494495 27.35 35.0 1019.53 19.52 52.14314088488991 20180319 155129
39.976787 116.494495 26.94 35.0 1019.48 19.53 51.7290168813733 20180319 155130
39.976787 116.494495 26.94 35.0 1019.48 19.52 51.7290168813733 20180319 155131
39.976787 116.494495 26.77 35.0 1019.46 19.52 51.56336267496929 20180319 155132
39.976787 116.494495 26.77 35.0 1019.42 19.52 51.232046367385394 20180319 155133
39.976787 116.494495 27.18 35.0 1019.43 19.51 51.314876431159114 20180319 155134
39.976787 116.494495 27.18 35.0 1019.45 19.51 51.48053458494614 20180319 155135
39.976787 116.494495 26.77 35.0 1019.47 19.51 51.646190107118244 20180319 155136
39.976787 116.494495 26.77 35.0 1019.46 19.50 51.56336267496929 20180319 155137
39.976787 116.494495 26.77 35.0 1019.45 19.51 51.48053458494614 20180319 155138
39.977002 116.494522 26.52 15.0 1019.47 19.50 51.646190107118244 20180319 155139
39.977002 116.494522 26.85 15.0 1019.45 19.50 51.48053458494614 20180319 155140
39.977002 116.494522 26.85 15.0 1019.46 19.50 51.56336267496929 20180319 155141
39.977002 116.494522 26.6 15.0 1019.46 19.51 51.56336267496929 20180319 155142
39.977002 116.494522 26.6 15.0 1019.46 19.52 51.56336267496929 20180319 155143
39.977002 116.494522 26.35 15.0 1019.41 19.52 51.14921564567841 20180319 155144
39.977002 116.494522 26.35 15.0 1019.41 19.53 51.14921564567841 20180319 155145
39.977002 116.494522 25.77 15.0 1019.38 19.53 50.90071953280038 20180319 155146
39.977002 116.494522 25.77 15.0 1019.36 19.53 50.73505216764253 20180319 155147
39.977002 116.494522 25.44 15.0 1019.32 19.53 50.403709541143314 20180319 155148
39.977002 116.494522 25.44 15.0 1019.29 19.53 50.1551956617343 20180319 155149
39.977002 116.494522 25.11 15.0 1019.26 19.53 49.9066758595183 20180319 155150
39.977002 116.494522 25.11 15.0 1019.23 19.53 49.658150134180346 20180319 155151
39.977002 116.494522 24.77 15.0 1019.21 19.53 49.49246302651632 20180319 155152
39.977002 116.494522 24.77 15.0 1019.17 19.53 49.16108091287859 20180319 155153
39.977002 116.494522 24.36 15.0 1019.16 19.53 49.07823373892235 20180319 155154
39.977002 116.494522 24.36 15.0 1019.17 19.53 49.16108091287859 20180319 155155
39.977002 116.494522 24.53 15.0 1019.16 19.53 49.07823373892235 20180319 155156
39.977002 116.494522 24.53 15.0 1019.16 19.53 49.07823373892235 20180319 155157
39.977002 116.494522 24.53 15.0 1019.17 19.53 49.16108091287859 20180319 155158
39.976428 116.49454 24.11 150.0 1019.19 19.53 49.32677328611521 20180319 155159
39.976428 116.49454 24.44 150.0 1019.17 19.53 49.16108091287859 20180319 155200
39.976428 116.49454 24.44 150.0 1019.15 19.54 48.995385906727705 20180319 155201
39.976428 116.49454 24.44 150.0 1019.16 19.54 49.07823373892235 20180319 155202
39.976428 116.49454 24.44 150.0 1019.16 19.54 49.07823373892235 20180319 155203
39.976428 116.49454 24.28 150.0 1019.15 19.54 48.995385906727705 20180319 155204
39.976428 116.49454 24.28 150.0 1019.19 19.54 49.32677328611521 20180319 155205
39.976428 116.49454 24.19 150.0 1019.2 19.55 49.40961848540544 20180319 155206
39.976428 116.49454 24.19 150.0 1019.18 19.56 49.24392742860626 20180319 155207
39.976428 116.49454 24.19 150.0 1019.19 19.56 49.32677328611521 20180319 155208
39.976793 116.494388 24.53 24.0 1019.21 19.57 49.49246302651632 20180319 155209
39.976793 116.494388 24.53 24.0 1019.19 19.57 49.32677328611521 20180319 155210
39.976793 116.494388 24.53 24.0 1019.17 19.58 49.16108091287859 20180319 155211
39.976793 116.494388 24.53 24.0 1019.18 19.59 49.24392742860626 20180319 155212
39.976793 116.494388 24.53 24.0 1019.18 19.61 49.24392742860626 20180319 155213
39.976793 116.494388 24.53 24.0 1019.18 19.62 49.24392742860626 20180319 155214
39.976793 116.494388 24.53 24.0 1019.16 19.63 49.07823373892235 20180319 155215
39.976793 116.494388 24.11 24.0 1019.16 19.65 49.07823373892235 20180319 155216
39.976793 116.494388 24.11 24.0 1019.19 19.67 49.32677328611521 20180319 155217
39.976793 116.494388 24.11 24.0 1019.18 19.69 49.24392742860626 20180319 155218
39.976793 116.494388 24.11 24.0 1019.2 19.70 49.40961848540544 20180319 155219
39.976793 116.494388 24.11 24.0 1019.19 19.71 49.32677328611521 20180319 155220
39.976793 116.494388 24.11 24.0 1019.17 19.72 49.16108091287859 20180319 155221
39.976793 116.494388 24.11 24.0 1019.17 19.74 49.16108091287859 20180319 155222
39.976793 116.494388 24.11 24.0 1019.18 19.75 49.24392742860626 20180319 155223
